[?25l[39m [38;2;0;0;0m                                                 [39m
 [38;2;0;0;0m                                                 [39m
 [38;2;0;0;0m                  [38;2;83;59;66m_[38;2;220;182;181m_[38;2;164;143;147my[38;2;188;171;173my[38;2;204;184;184my[38;2;209;190;188my[38;2;207;188;188my[38;2;197;179;181my[38;2;179;159;161my[38;2;248;220;217m_[38;2;165;123;124m_                    [39m
 [38;2;0;0;0m               [38;2;203;164;160m_[38;2;190;162;162mg[38;2;215;188;186m@[38;2;252;233;230m@[38;2;252;235;232m@[38;2;251;233;230m@[38;2;252;237;233m@@@[38;2;250;235;229m@[38;2;251;234;229m@[38;2;252;235;232m@[38;2;252;237;233m@[38;2;252;236;232m@[38;2;175;155;156m@[38;2;77;78;99mg[38;2;101;103;125m@[38;2;113;111;129mg                [39m
 [38;2;0;0;0m             [38;2;101;77;83m_[38;2;222;189;188mg[38;2;247;227;223m@[38;2;253;244;242m@[38;2;253;245;244m@[38;2;253;244;242m@[38;2;247;235;233m@[38;2;252;241;239m@[38;2;253;242;239m@[38;2;253;240;236m@@[38;2;253;238;235m@[38;2;252;237;234m@[38;2;252;237;233m@@[38;2;227;210;208m@[38;2;169;161;167m@[38;2;182;168;176mg[38;2;112;116;136m@[38;2;121;128;149m@[38;2;129;136;155my[38;2;114;117;132my[38;2;156;160;182m_[38;2;179;176;190m_            [39m
 [38;2;0;0;0m             [38;2;195;142;140m$[38;2;245;220;218m@[38;2;254;244;239m@[38;2;240;211;206m@[38;2;245;225;222m@[38;2;249;232;230m@[38;2;214;178;176m@[38;2;253;241;238m@@[38;2;253;240;237m@[38;2;253;241;237m@[38;2;253;241;238m@[38;2;252;240;236m@[38;2;252;240;235m@[38;2;252;239;235m@[38;2;252;237;233m@[38;2;253;239;234m@[38;2;251;232;227m@[38;2;247;224;220m@[38;2;195;171;171m$[38;2;110;105;116m@[38;2;113;122;144m@[38;2;78;85;110m@[38;2;78;80;103m@[38;2;121;113;129mF           [39m
 [38;2;0;0;0m             [38;2;220;167;166m@[38;2;253;237;234m@[38;2;223;186;183m@[38;2;227;192;185m@[38;2;217;183;179m@[38;2;217;177;174m@[38;2;226;196;190m@[38;2;245;222;219m@[38;2;253;237;232m@[38;2;251;235;232m@[38;2;252;234;231m@[38;2;216;176;176m@[38;2;250;231;226m@[38;2;252;237;233m@@[38;2;246;222;218m@[38;2;252;233;229m@[38;2;252;237;233m@[38;2;243;211;207m@[38;2;229;209;207m@[38;2;121;122;140m@[38;2;71;74;94mg[38;2;118;110;123m$[38;2;237;213;211m@[38;2;223;181;178m@           [39m
 [38;2;0;0;0m             [38;2;201;158;161m@[38;2;249;219;220m@[38;2;171;120;125m@[38;2;164;136;139m@[38;2;192;155;154mZ[38;2;179;156;149mR[38;2;242;229;218m@[38;2;247;236;223m@[38;2;231;208;200m@[38;2;220;186;181m@[38;2;230;202;199m@[38;2;221;192;184m@[38;2;238;217;206m@[38;2;229;203;196m@[38;2;230;204;201m@[38;2;250;228;224m@[38;2;234;193;192m@[38;2;252;236;232m@[38;2;225;188;185m@[38;2;183;153;152m@[38;2;150;147;158m@[38;2;153;143;149m@[38;2;182;155;156m@[38;2;226;203;201m@[38;2;237;207;206m@           [39m
 [38;2;0;0;0m             [38;2;178;142;144m9[38;2;239;213;210m@[38;2;221;191;189m@[38;2;221;203;200m@[38;2;231;195;193m@[38;2;231;189;190m@[38;2;188;160;158m@[38;2;254;248;234m@@@[38;2;253;247;233m@[38;2;191;171;169m@[38;2;183;142;143m@[38;2;220;155;155mg[38;2;177;132;136mg[38;2;155;120;128m$[38;2;192;133;141m@[38;2;252;233;230m@[38;2;206;161;163m@[38;2;204;162;159m@[38;2;181;120;119m@[38;2;229;165;163m@[38;2;232;175;171m@[38;2;247;223;220m@[38;2;210;174;174m@           [39m
 [38;2;0;0;0m             [38;2;184;148;149m$[38;2;247;225;222m@[38;2;162;115;115m@[38;2;244;223;214m@[38;2;253;239;227m@[38;2;254;244;232m@[38;2;254;248;234m@@@@@[38;2;236;227;216m@[38;2;222;203;197m@[38;2;223;204;199m@[38;2;224;208;203m@[38;2;240;220;215m@[38;2;223;192;188m@[38;2;253;236;232m@[38;2;196;143;149m@[38;2;164;124;128mF[38;2;193;131;132m$[38;2;235;177;174m@[38;2;227;183;181m@[38;2;253;235;230m@[38;2;232;182;178m@[38;2;217;155;152m@          [39m
 [38;2;0;0;0m             [38;2;249;227;224m@[38;2;251;234;229m@[38;2;186;149;147m$ [38;2;199;175;171m~[38;2;253;245;232m~[38;2;179;165;163m@[38;2;192;174;165m@[38;2;195;171;164m@[38;2;207;181;173m@[38;2;223;205;194m@[38;2;218;201;189m@[38;2;228;209;197mR[38;2;208;190;182mR[38;2;216;202;193mF[38;2;133;102;104mM[38;2;237;206;204m@[38;2;253;235;231m@[38;2;141;106;108m@ [38;2;172;114;115m5[38;2;233;193;191m@[38;2;249;218;214m@[38;2;238;187;182m@[38;2;234;174;171m@[38;2;214;151;149m@[38;2;109;67;72m,         [39m
 [38;2;0;0;0m             [38;2;195;157;158m~[38;2;207;169;168m@[38;2;251;233;230m@[38;2;240;216;213m@[38;2;132;105;108mw[38;2;129;127;128my[38;2;143;137;148m$[38;2;149;140;143m@[38;2;156;152;157m@[38;2;127;118;125m@[38;2;197;191;189m@[38;2;203;201;199m@[38;2;152;149;156m@[38;2;129;109;120mg[38;2;195;172;172my[38;2;220;194;189m@[38;2;253;235;232m@[38;2;237;209;205m@[38;2;125;86;88mF[38;2;207;146;146mg[38;2;222;157;155m@[38;2;227;166;162m@[38;2;233;174;170m@[38;2;235;177;173m@[38;2;239;186;183m@[38;2;236;177;174m@[38;2;137;87;92mF         [39m
 [38;2;0;0;0m             [38;2;137;70;72m`[38;2;201;168;166m@[38;2;229;181;178m@[38;2;194;162;158m@[38;2;207;192;186m@[38;2;253;252;245m@[38;2;140;125;125m@[38;2;148;135;138m@[38;2;157;160;171m@[38;2;127;133;147m@[38;2;193;192;192m@[38;2;155;143;151m@[38;2;177;161;159m@[38;2;219;182;179m@[38;2;244;211;206m@[38;2;231;189;184m@[38;2;183;133;134mE [38;2;153;93;95m$[38;2;173;115;117m~[38;2;199;132;130m$[38;2;235;184;180m@[38;2;239;197;193m@[38;2;216;170;170m@[38;2;186;140;136mF[38;2;149;100;104m~          [39m
 [38;2;0;0;0m              [38;2;133;102;107m~[38;2;182;141;140m@[38;2;196;176;172m@[38;2;215;211;205mF[38;2;165;158;153m~[38;2;137;140;156mg[38;2;167;170;187m@[38;2;173;174;188m@[38;2;182;182;196m@[38;2;181;181;195m@[38;2;163;162;177m@[38;2;131;131;148m@[38;2;126;98;102mZ[38;2;214;177;174m@[38;2;249;224;223m@[38;2;145;101;104mF [38;2;129;62;68m` [38;2;187;126;126m@[38;2;188;138;134m~[38;2;165;104;105m?[38;2;115;55;59m-            [39m
 [38;2;0;0;0m               [38;2;180;162;157m`[38;2;56;46;45m` [38;2;146;146;160mg[38;2;174;180;200m@[38;2;187;194;213m@[38;2;195;203;220m@[38;2;196;203;221m@[38;2;173;179;201m@[38;2;177;184;204m@[38;2;171;177;199m@[38;2;139;127;150m@[38;2;140;93;97mF[38;2;151;124;120m@[38;2;192;177;169m@    [38;2;94;50;57m~              [39m
 [38;2;0;0;0m                  [38;2;125;123;132mR[38;2;131;132;146m@[38;2;180;185;201m@[38;2;177;182;200m@[38;2;154;160;183m@[38;2;174;180;199m@[38;2;165;170;188m@[38;2;181;185;202m@[38;2;143;143;160m@[38;2;123;118;130mP                     [39m
 [38;2;0;0;0m                    [38;2;230;216;207m@[38;2;244;231;221m@[38;2;127;114;112m$[38;2;151;133;133m4[38;2;244;227;222m@[38;2;239;225;217m@[38;2;63;60;65mL                      [39m
 [38;2;0;0;0m                    [38;2;123;116;118m7[38;2;150;148;148mT[38;2;87;75;76m' [38;2;184;180;172mF[38;2;183;176;172mF                       [39m
 [38;2;0;0;0m                                                 [39m
 [38;2;0;0;0m                                                 [39m
 [38;2;0;0;0m                                                 [39m
[?25h