[?25l[39m [38;2;0;0;0m                                                 [39m
 [38;2;0;0;0m                                                 [39m
 [38;2;0;0;0m                   [38;2;81;79;122m_[38;2;61;65;103my[38;2;74;73;111my[38;2;83;84;125my[38;2;93;100;142mg[38;2;108;119;161mg[38;2;135;149;193my[38;2;133;149;190my[38;2;114;130;168my[38;2;152;169;214m_                    [39m
 [38;2;0;0;0m               [38;2;60;63;98m_[38;2;76;75;114my[38;2;90;87;128mg[38;2;92;87;130m@[38;2;93;90;132m@[38;2;126;131;174m@[38;2;129;137;181m@[38;2;158;174;219m@[38;2;182;205;253m@[38;2;182;206;254m@@@@@[38;2;181;205;252m@[38;2;148;168;212m@[38;2;147;167;211my[38;2;96;108;153m_                [39m
 [38;2;0;0;0m              [38;2;97;96;131mg[38;2;121;116;154m@[38;2;121;115;154m@[38;2;120;115;153m@[38;2;126;122;161m@[38;2;137;137;176m@[38;2;115;110;150m@[38;2;159;169;211m@[38;2;188;210;253m@[38;2;186;209;253m@[38;2;185;209;253m@[38;2;183;207;253m@[38;2;182;206;254m@@@@@@[38;2;182;205;253m@[38;2;138;158;201mg               [39m
 [38;2;0;0;0m             [38;2;108;105;144mg[38;2;106;101;142m@[38;2;111;107;146m@[38;2;105;98;140m@[38;2;96;91;131m@[38;2;93;90;130m@[38;2;78;75;118mE[38;2;116;122;168m@[38;2;183;206;254m@[38;2;181;206;253m@[38;2;182;206;253m@[38;2;182;206;254m@@@[38;2;170;192;245m@[38;2;170;191;246m@[38;2;183;205;254m@[38;2;182;206;254m@@@@[38;2;121;138;182m@              [39m
 [38;2;0;0;0m            [38;2;20;29;65m.[38;2;80;76;122m@[38;2;85;80;125m@[38;2;92;88;130m@[38;2;94;86;120m@[38;2;148;135;156m$[38;2;83;79;119m@[38;2;101;88;120m@[38;2;146;156;199m@[38;2;172;193;240m@[38;2;182;206;254m@[38;2;165;186;233m@[38;2;144;160;206m@[38;2;178;202;251m@[38;2;182;205;254m@[38;2;182;206;253m@[38;2;159;177;238m@[38;2;173;192;247m@[38;2;182;206;254m@[38;2;160;180;233m@[38;2;181;204;253m@[38;2;182;206;254m@[38;2;149;166;228m@              [39m
 [38;2;0;0;0m            [38;2;22;31;70m`[38;2;120;91;111mg[38;2;90;81;118m@[38;2;77;72;106m$[38;2;159;140;146m@[38;2;167;156;152m$[38;2;106;101;117mM[38;2;169;161;169m@[38;2;105;107;146m@[38;2;96;101;147m@[38;2;178;199;246m@[38;2;143;153;192m@[38;2;178;165;175m@[38;2;143;149;189m@[38;2;129;130;165m@[38;2;169;189;232m@[38;2;181;202;252m@[38;2;141;157;227m@[38;2;181;206;253m@[38;2;145;164;214m@[38;2;154;170;233m@[38;2;148;164;229m@[38;2;117;129;205m@              [39m
 [38;2;0;0;0m             [38;2;87;63;85m"[38;2;93;76;102mR[38;2;98;96;123m@[38;2;231;226;222m@[38;2;179;181;183m@[38;2;162;167;169m@[38;2;167;167;167m@[38;2;226;219;215m@[38;2;182;173;178mg[38;2;126;125;149m@[38;2;111;108;142m@[38;2;182;168;173m@[38;2;148;141;144m@[38;2;105;101;106m@[38;2;132;123;130m@[38;2;155;148;167m@[38;2;116;118;168m@[38;2;181;202;250m@[38;2;138;137;166m@[38;2;166;156;183m@[38;2;91;93;156m@[38;2;83;93;151m$              [39m
 [38;2;0;0;0m              [38;2;28;31;57m`[38;2;129;101;110m=[38;2;232;221;213m@[38;2;253;245;232m@[38;2;254;245;232m@@@@[38;2;254;245;233m@[38;2;235;226;219m@[38;2;243;237;228m@[38;2;220;218;212m@[38;2;216;214;209m@[38;2;216;212;207m@[38;2;236;229;224m@[38;2;116;117;149m@[38;2;168;141;166m@[38;2;220;171;179m@[38;2;147;129;138mP[38;2;68;72;119m7               [39m
 [38;2;0;0;0m                 [38;2;196;172;166m~[38;2;253;243;230m~[38;2;181;162;163m#[38;2;193;175;180m@[38;2;221;199;191mR[38;2;208;182;173m@[38;2;224;206;195m@[38;2;217;200;194m@[38;2;230;214;206mR[38;2;194;179;177m@[38;2;184;174;193m@[38;2;118;105;137mP[38;2;85;84;136m$[38;2;91;89;142mP[38;2;87;78;126m~                 [39m
 [38;2;0;0;0m                  [38;2;108;106;114my[38;2;81;72;86mW[38;2;88;62;110mR[38;2;148;93;90m@[38;2;196;117;111m@[38;2;124;88;102mM[38;2;102;82;129m@[38;2;87;63;124mT[38;2;108;103;107my[38;2;49;56;104m`                     [39m
 [38;2;0;0;0m                [38;2;88;85;91my[38;2;164;162;166mg[38;2;166;161;167m@[38;2;136;126;131m@[38;2;78;54;86mg[38;2;143;143;151m@[38;2;154;156;163m@[38;2;81;61;90mw[38;2;112;109;116m$[38;2;126;120;125m@[38;2;170;167;173m@[38;2;131;125;130m$[38;2;47;45;52m,                    [39m
 [38;2;0;0;0m               [38;2;162;156;150mg[38;2;190;183;181m@[38;2;143;136;138mP[38;2;106;95;99m~[38;2;139;133;136m@[38;2;85;58;96m$[38;2;181;182;192m@[38;2;180;180;190m@[38;2;83;63;87mM[38;2;138;136;141m@[38;2;140;140;146m@[38;2;122;114;118m@[38;2;168;165;170m@[38;2;141;136;140m@[38;2;100;103;106m_                   [39m
 [38;2;0;0;0m               [38;2;173;161;151m`[38;2;61;46;44m`  [38;2;107;84;85m=[38;2;142;127;137m#[38;2;189;185;187mR[38;2;199;198;199mR[38;2;153;141;146m#[38;2;118;86;89mg[38;2;152;134;135mA[38;2;133;123;124m~[38;2;67;58;61m~[38;2;195;183;178mR[38;2;187;172;166m@                   [39m
 [38;2;0;0;0m                   [38;2;102;88;90mL[38;2;52;55;63m::[38;2;55;54;60m`[38;2;53;54;64m`[38;2;91;47;55m`[38;2;135;33;38m~[38;2;99;60;63mR                      [39m
 [38;2;0;0;0m                   [38;2;49;35;38m`[38;2;51;56;63m`[38;2;52;55;63m`[38;2;52;40;45m'[38;2;50;48;51m`[38;2;51;53;62m:[38;2;52;55;63m:[38;2;81;67;72m"                      [39m
 [38;2;0;0;0m                    [38;2;129;98;97m#[38;2;137;117;120m#[38;2;38;16;19m' [38;2;148;105;96ma[38;2;133;120;117ma                       [39m
 [38;2;0;0;0m                                                 [39m
 [38;2;0;0;0m                                                 [39m
 [38;2;0;0;0m                                                 [39m
[?25h