[?25l[39m [38;2;0;0;0m                                                 [39m
 [38;2;0;0;0m                 [38;2;103;75;136m_[38;2;89;68;124my[38;2;90;68;125mg[38;2;85;64;120mg[38;2;75;55;105mg[38;2;83;62;116mg[38;2;87;66;122my[38;2;65;44;94m_                        [39m
 [38;2;0;0;0m               [38;2;80;62;115my[38;2;99;76;134mg[38;2;93;71;127m@[38;2;94;68;111mR[38;2;117;84;104m@[38;2;117;84;107m@[38;2;122;101;136m@[38;2;104;77;108m@[38;2;124;94;117m@[38;2;92;62;107m$[38;2;85;64;118my[38;2;78;60;109my[38;2;103;78;137m_[38;2;78;54;108m_                    [39m
 [38;2;0;0;0m             [38;2;72;52;104m_[38;2;101;76;135mg[38;2;94;72;129m@[38;2;87;65;120m@[38;2;98;76;135mg[38;2;100;77;137m@[38;2;102;78;139m@@@@@@@@[38;2;99;76;136m@[38;2;98;77;135m@[38;2;101;78;137m@[38;2;98;73;134mg[38;2;64;46;96my                 [39m
 [38;2;0;0;0m           [38;2;69;47;100m_[38;2;80;60;112mg[38;2;99;75;135m@[38;2;96;71;126m@[38;2;121;99;149m@[38;2;133;110;166m@[38;2;125;104;155m@[38;2;135;114;167m@[38;2;138;115;171m@[38;2;136;113;169m@[38;2;133;110;166m@[38;2;129;105;163m@[38;2;123;100;157m@[38;2;115;92;151m@[38;2;109;86;146m@[38;2;102;79;139m@[38;2;98;76;135m@[38;2;102;78;139m@[38;2;99;76;136m@[38;2;99;77;136m@[38;2;101;79;138m@[38;2;84;62;116mg[38;2;81;60;115my               [39m
 [38;2;0;0;0m           [38;2;75;50;104m"[38;2;90;67;123mg[38;2;74;51;106mM[38;2;95;77;127m@[38;2;112;91;144m@[38;2;100;81;134m@[38;2;112;91;149m@[38;2;112;89;149m@[38;2;111;88;148m@[38;2;111;87;147m@@[38;2;109;88;147m@[38;2;110;88;147m@[38;2;111;88;148m@[38;2;109;87;146m@[38;2;108;86;144m@[38;2;82;62;111mM[38;2;106;82;141m@[38;2;103;80;140m@[38;2;91;68;123m@[38;2;97;74;132m@[38;2;101;77;137m@[38;2;102;78;138m@[38;2;72;51;101mL              [39m
 [38;2;0;0;0m          [38;2;74;58;108my[38;2;96;72;131m@[38;2;82;59;113m$[38;2;74;54;105mg[38;2;100;79;136m@[38;2;82;63;113mM[38;2;101;77;137m@[38;2;102;75;127m@[38;2;87;67;120m@[38;2;98;77;135m@[38;2;101;77;138m@[38;2;100;76;136m@[38;2;102;78;139m@@[38;2;97;74;132m@[38;2;76;57;104m5[38;2;116;90;124m@[38;2;243;217;215m@[38;2;129;100;133m@[38;2;101;79;137m@[38;2;102;78;138m@[38;2;82;60;115mA[38;2;95;72;130m@[38;2;100;77;136m@[38;2;70;48;97m^              [39m
 [38;2;0;0;0m         [38;2;85;63;118mg[38;2;102;78;138m@[38;2;99;77;135m@[38;2;70;49;96m~[38;2;91;66;124m$[38;2;94;72;129m@[38;2;103;70;90my[38;2;147;117;130m5[38;2;112;90;122my[38;2;89;57;100mZ[38;2;180;150;160m$[38;2;137;112;150mW[38;2;101;77;136m@[38;2;93;71;127m@[38;2;92;70;120m@[38;2;195;174;181my[38;2;211;191;192m$[38;2;251;236;223m@[38;2;253;238;223m@[38;2;242;221;215m@[38;2;98;72;122m@[38;2;102;77;138m@[38;2;78;55;110mK[38;2;75;57;104mM[38;2;75;56;104m"[38;2;61;41;82m'              [39m
 [38;2;0;0;0m         [38;2;95;72;131m$[38;2;102;78;139m@[38;2;99;76;135m@[38;2;68;50;94m;[38;2;90;65;121m5[38;2;90;60;100mW[38;2;144;112;126m@[38;2;215;207;217m@[38;2;141;143;183m@[38;2;152;163;196m@[38;2;147;138;161m@[38;2;239;223;216m@[38;2;157;136;154m@[38;2;212;192;192m@[38;2;253;239;224m@[38;2;209;195;198m@[38;2;154;133;177ma[38;2;86;58;112m$[38;2;104;88;116mW[38;2;165;145;142mZ[38;2;104;80;117m@[38;2;83;63;114m@[38;2;91;65;115m@[38;2;170;139;142mg[38;2;65;48;89m'               [39m
 [38;2;0;0;0m         [38;2;68;48;99m"[38;2;92;70;127m@[38;2;100;76;135m@[38;2;97;76;133m@[38;2;80;56;112my[38;2;81;55;105mK[38;2;150;116;122m5[38;2;245;219;206m@[38;2;253;231;217m@[38;2;253;235;223m@[38;2;253;239;223m@[38;2;254;238;225m@[38;2;254;238;224m@[38;2;254;238;223m@@[38;2;238;221;215m@[38;2;186;185;197m@[38;2;188;196;210m@[38;2;194;185;197m@[38;2;211;195;196m@[38;2;173;139;155m@[38;2;138;102;138mW[38;2;91;65;117m@[38;2;158;123;128mF                [39m
 [38;2;0;0;0m           [38;2;75;54;104m4[38;2;99;75;134m@[38;2;86;61;119m$[38;2;89;66;120ma[38;2;80;59;110my[38;2;70;42;70m'[38;2;136;110;118m7[38;2;195;172;172mT[38;2;200;178;176mM[38;2;210;185;175mR[38;2;222;195;184mR[38;2;210;180;171m@[38;2;225;203;191m@[38;2;217;195;183m@[38;2;228;203;190mR[38;2;209;186;175mR[38;2;216;195;185mF[38;2;242;218;206m~[38;2;127;86;89m~[38;2;82;58;106m2[38;2;70;51;100m~                 [39m
 [38;2;0;0;0m           [38;2;70;49;97m`[38;2;56;37;86m"[38;2;96;74;129m@[38;2;93;70;127m@[38;2;78;58;110mZ[38;2;86;63;118mT[38;2;63;38;89m`[38;2;124;118;132my[38;2;180;187;192ma[38;2;156;159;164m@[38;2;134;117;115m@[38;2;173;151;147m@[38;2;150;138;136m@[38;2;152;155;157m@[38;2;173;184;186m@[38;2;113;120;125my  [38;2;56;37;82m^[38;2;44;27;71m`                  [39m
 [38;2;0;0;0m              [38;2;60;44;90m"[38;2;92;70;128m~[38;2;83;65;99m5[38;2;195;206;210mg[38;2;202;218;220m@[38;2;150;153;155m@[38;2;198;214;220m@[38;2;179;191;195m@[38;2;169;180;184m@[38;2;201;217;220m@[38;2;196;207;211m@[38;2;162;166;170m@[38;2;204;218;222m@[38;2;153;157;160mg                     [39m
 [38;2;0;0;0m               [38;2;180;162;158mg[38;2;203;192;188m@[38;2;149;148;157mM[38;2;129;125;130m~[38;2;185;192;195m@[38;2;202;219;222m@[38;2;193;211;216m@[38;2;193;210;215m@[38;2;203;219;222m@@[38;2;200;215;219m@[38;2;130;136;139m@[38;2;195;209;211m@[38;2;173;180;183m@                    [39m
 [38;2;0;0;0m               [38;2;174;156;149m`[38;2;60;39;36m`[38;2;59;39;75m`[38;2;44;23;57m'[38;2;177;171;166m@[38;2;196;199;196m@[38;2;189;197;200m@[38;2;177;187;191m@[38;2;182;192;194m@[38;2;187;196;197m@[38;2;183;188;185m@[38;2;113;107;107m@[38;2;82;84;91m"[38;2;153;141;137m@[38;2;199;181;172m@                   [39m
 [38;2;0;0;0m                  [38;2;76;70;70my[38;2;238;229;210m@[38;2;240;233;214m@[38;2;238;227;205m@[38;2;231;215;192m@[38;2;229;212;189m@[38;2;225;204;182m@[38;2;222;203;180m@[38;2;196;175;152m@                      [39m
 [38;2;0;0;0m                  [38;2;140;124;118m4[38;2;239;228;212m@[38;2;240;234;215m@[38;2;239;229;207m@[38;2;239;224;201m@[38;2;241;234;215m@@[38;2;242;235;215m@[38;2;233;219;197m@[38;2;53;46;47mr                     [39m
 [38;2;0;0;0m                    [38;2;106;97;98m4[38;2;100;96;97mR[38;2;109;92;84m"[38;2;164;148;137m~[38;2;111;102;100m@[38;2;99;93;94ma[38;2;134;117;108m`                      [39m
 [38;2;0;0;0m                                                 [39m
 [38;2;0;0;0m                                                 [39m
 [38;2;0;0;0m                                                 [39m
[?25h