[?25l[39m [38;2;0;0;0m                                                 [39m
 [38;2;0;0;0m                                                 [39m
 [38;2;0;0;0m                 [38;2;239;227;223m_[38;2;199;194;193my[38;2;211;202;198mg[38;2;249;241;237mg[38;2;215;210;205m@[38;2;230;222;217m@[38;2;157;150;147mE[38;2;66;62;61m:::[38;2;63;59;58m:[38;2;56;52;51m:[38;2;51;47;46m.[38;2;51;46;46m.                  [39m
 [38;2;0;0;0m              [38;2;140;129;131my[38;2;233;224;221mg[38;2;250;243;239m@[38;2;254;249;244m@[38;2;222;214;209m@[38;2;204;193;182m@[38;2;189;177;162m@[38;2;197;185;167m@[38;2;196;186;166m@[38;2;207;196;177m@[38;2;204;195;176m@[38;2;194;187;169mg[38;2;144;136;127my[38;2;65;62;61m`[38;2;66;62;61m::[38;2;64;60;59m:[38;2;59;55;54m:[38;2;63;61;59m:[38;2;62;59;58m.               [39m
 [38;2;0;0;0m             [38;2;186;169;167mg[38;2;250;244;239m@[38;2;254;249;244m@[38;2;247;241;236m@[38;2;189;178;175m@[38;2;116;93;92my[38;2;122;115;109m@[38;2;160;152;138mg[38;2;190;181;164my[38;2;136;130;121m@[38;2;183;175;158my[38;2;173;164;152my[38;2;99;93;92m@[38;2;157;147;135m_[38;2;63;54;55m`[38;2;66;62;61m``:[38;2;65;61;61m:[38;2;66;62;61m`[38;2;65;62;61m:[38;2;61;56;56m:[38;2;36;22;23m.             [39m
 [38;2;0;0;0m            [38;2;145;128;129mg[38;2;191;177;174m@[38;2;178;164;152m@[38;2;207;191;171m@[38;2;199;182;164m@[38;2;214;189;185m@[38;2;190;155;151m@[38;2;229;216;193m@[38;2;206;192;169m@[38;2;230;218;194m@@@[38;2;230;218;195m@[38;2;231;218;195m@[38;2;210;192;173m@[38;2;165;139;129m@[38;2;208;194;174m@[38;2;214;203;182mg[38;2;138;123;106my[38;2;193;179;160m_[38;2;54;49;48m`[38;2;66;62;61m::[38;2;41;34;34m:             [39m
 [38;2;0;0;0m          [38;2;112;101;87m_[38;2;169;156;141mg[38;2;172;154;137m@[38;2;153;139;116m@[38;2;196;183;159m@[38;2;209;196;173m@[38;2;220;205;193m@[38;2;243;232;220m@[38;2;223;207;196m@[38;2;191;173;156m@[38;2;155;136;120m@[38;2;230;218;196m@[38;2;211;199;176m@[38;2;230;218;195m@[38;2;195;179;157m@[38;2;226;212;190m@[38;2;193;175;160m@[38;2;253;241;229m@[38;2;183;167;148m@[38;2;230;218;195m@[38;2;185;170;148m@[38;2;204;192;168m@[38;2;210;198;177m@[38;2;159;145;129my[38;2;64;60;59m'[38;2;40;36;34m`             [39m
 [38;2;0;0;0m          [38;2;214;199;177m@[38;2;200;189;164m@[38;2;156;145;121m@[38;2;122;88;77m@[38;2;217;200;179m@[38;2;156;135;120m@[38;2;142;123;116mB[38;2;148;129;116mZ[38;2;154;136;127mZ[38;2;173;155;146m@[38;2;201;182;169m@[38;2;207;188;174m@[38;2;194;177;156m@[38;2;195;177;158m@[38;2;189;165;155m@[38;2;203;184;175m@[38;2;240;228;215m@[38;2;246;236;222m@[38;2;214;200;186m@[38;2;222;209;187m@[38;2;193;178;156m@[38;2;165;154;130m@[38;2;169;159;132m@[38;2;142;128;108m@[38;2;123;105;90m=[38;2;77;54;43m_             [39m
 [38;2;0;0;0m         [38;2;127;112;102m4[38;2;231;217;195m@[38;2;186;176;151m@[38;2;157;149;121m@[38;2;148;133;110m@[38;2;191;178;153m@[38;2;173;157;145m@[38;2;202;191;180m@[38;2;165;143;106m@[38;2;181;162;134m@[38;2;185;171;153m@[38;2;253;243;231m@[38;2;252;243;231m@[38;2;253;243;231m@[38;2;247;236;226m@[38;2;186;173;165m@[38;2;136;115;77mg[38;2;135;118;98mg[38;2;143;126;119mZ[38;2;141;118;110mB[38;2;214;204;181m@[38;2;176;153;138m@[38;2;205;181;174m@[38;2;170;146;135m@[38;2;149;131;110mg[38;2;187;174;150m@[38;2;223;210;187m@[38;2;197;183;163m$[38;2;134;122;108m_           [39m
 [38;2;0;0;0m          [38;2;154;142;126m4[38;2;222;208;186m@[38;2;195;185;160m@[38;2;149;136;111m@[38;2;147;131;109m@[38;2;185;166;149m@[38;2;241;215;205m@[38;2;252;232;218m@[38;2;253;235;225m@[38;2;253;242;229m@[38;2;253;243;231m@@@@[38;2;245;232;220m@[38;2;201;183;163m@[38;2;205;188;167m@[38;2;204;190;174m@[38;2;180;164;154m@[38;2;213;198;180m@[38;2;196;149;156m@[38;2;227;187;192m@[38;2;161;114;115m@[38;2;152;138;115m@[38;2;199;188;162m@[38;2;230;218;194m@[38;2;230;218;195m@[38;2;207;192;170m@           [39m
 [38;2;0;0;0m            [38;2;179;159;140m~[38;2;142;133;121m5[38;2;125;108;89m@[38;2;142;122;104m~[38;2;102;84;78m=[38;2;194;169;161m~[38;2;253;241;226m~[38;2;188;166;158m4[38;2;206;183;173m@[38;2;219;197;189mR[38;2;207;180;173m@[38;2;222;204;194m@[38;2;220;196;185m@[38;2;230;204;193mR[38;2;208;183;175mR[38;2;193;170;163mM[38;2;156;140;125m@[38;2;151;123;111m~[38;2;119;86;87m"[38;2;116;100;79m_[38;2;143;130;114my[38;2;192;179;155m@[38;2;213;201;177m@[38;2;229;218;194m@[38;2;230;216;193m@[38;2;173;157;139mF           [39m
 [38;2;0;0;0m                  [38;2;127;62;61m_[38;2;175;110;118m@[38;2;216;140;145m@[38;2;147;125;126m$[38;2;142;126;119m@[38;2;152;109;111m@[38;2;215;133;133m@[38;2;213;130;135m@[38;2;138;44;50m_[38;2;94;74;61m~  [38;2;70;53;42m`[38;2;141;126;104mg[38;2;151;138;113m@[38;2;172;159;137m@[38;2;166;156;137m@[38;2;169;157;141mF[38;2;125;112;104m~            [39m
 [38;2;0;0;0m                [38;2;114;108;111my[38;2;221;208;203mg[38;2;205;182;177m@[38;2;218;139;146m@[38;2;182;117;123m@[38;2;168;162;164m@[38;2;190;188;189m@[38;2;163;115;119m@[38;2;227;184;155m@[38;2;174;107;98m@[38;2;245;212;205m@[38;2;185;176;173mg[38;2;52;50;57m,  [38;2;77;67;57m~                 [39m
 [38;2;0;0;0m               [38;2;156;138;135mg[38;2;191;139;134m@[38;2;186;150;145m@[38;2;158;85;82m@[38;2;232;143;150m@[38;2;134;107;119m@[38;2;151;173;196m@[38;2;163;182;202m@[38;2;156;108;117m@[38;2;233;147;156m@[38;2;220;116;120m@[38;2;176;120;119m@[38;2;248;235;228m@[38;2;221;195;189m@[38;2;105;61;61m,                   [39m
 [38;2;0;0;0m               [38;2;178;162;154m`[38;2;57;39;40m` [38;2;188;137;134m@[38;2;168;69;68mR[38;2;118;135;155m$[38;2;113;146;179m@[38;2;126;161;189m@[38;2;123;90;99mB[38;2;206;85;81m@[38;2;200;96;93m@[38;2;177;108;109m@[38;2;176;101;95m~[38;2;178;134;127mR[38;2;187;165;157m@                   [39m
 [38;2;0;0;0m                 [38;2;102;100;106md[38;2;193;187;188m@[38;2;106;95;100m4[38;2;183;171;175m@[38;2;171;161;169m@[38;2;107;99;110m$[38;2;152;141;147m$[38;2;192;172;184m@[38;2;195;175;182m@[38;2;82;65;71mr                      [39m
 [38;2;0;0;0m                  [38;2;96;83;83m` [38;2;147;142;141m~[38;2;94;92;91mT[38;2;58;39;40m'[38;2;96;92;93m~[38;2;151;145;145mT[38;2;139;131;131mT                       [39m
 [38;2;0;0;0m                    [38;2;144;125;117m#[38;2;157;144;132m#[38;2;66;56;52m^ [38;2;166;152;140m$[38;2;142;125;116m@                       [39m
 [38;2;0;0;0m                                                 [39m
 [38;2;0;0;0m                                                 [39m
 [38;2;0;0;0m                                                 [39m
[?25h