[?25l[39m [38;2;0;0;0m                                                 [39m
 [38;2;0;0;0m                                                 [39m
 [38;2;0;0;0m                  [38;2;123;80;81m_[38;2;201;142;127m_[38;2;148;108;101my[38;2;171;122;111my[38;2;164;113;104mg[38;2;167;115;106mg[38;2;162;112;104mg[38;2;177;125;114my[38;2;161;115;106my[38;2;136;100;96my[38;2;186;127;118m_                    [39m
 [38;2;0;0;0m               [38;2;127;86;56my[38;2;148;101;93mg[38;2;159;106;92m@[38;2;199;139;121m@[38;2;209;148;130m@@@[38;2;209;149;128m@[38;2;209;148;128m@[38;2;203;142;124m@[38;2;207;146;129m@[38;2;209;148;130m@[38;2;205;144;126m@[38;2;192;131;113m@[38;2;194;134;116m@[38;2;187;131;118m@[38;2;170;117;109mg[38;2;175;121;116m_                [39m
 [38;2;0;0;0m            [38;2;198;137;77m_[38;2;137;92;57my[38;2;203;134;75m@[38;2;218;151;98m@[38;2;192;154;136m@[38;2;198;161;140m@[38;2;204;163;152m@[38;2;180;131;120m@[38;2;224;173;155m@[38;2;222;171;153m@[38;2;221;167;149m@[38;2;218;162;145m@[38;2;214;158;139m@[38;2;212;154;135m@[38;2;210;150;132m@[38;2;208;148;130m@[38;2;209;148;130m@[38;2;208;147;129m@[38;2;184;124;106m@[38;2;207;147;128m@[38;2;208;148;130m@[38;2;168;114;105m$[38;2;99;69;74m_              [39m
 [38;2;0;0;0m           [38;2;105;71;43mf[38;2;179;124;77m@[38;2;199;145;99m@[38;2;233;211;202m@[38;2;183;145;135m@[38;2;231;208;200m@[38;2;246;235;224m@[38;2;219;199;191m@[38;2;204;149;134m@[38;2;213;155;137m@[38;2;193;137;120m@[38;2;208;151;133m@[38;2;212;155;137m@[38;2;211;156;137m@[38;2;212;155;136m@[38;2;200;143;126m@[38;2;211;153;134m@[38;2;205;146;127m@[38;2;208;149;130m@[38;2;208;149;129m@[38;2;175;117;97m@[38;2;208;149;130m@[38;2;202;142;124m@[38;2;184;126;114m@              [39m
 [38;2;0;0;0m            [38;2;173;121;110m@[38;2;146;89;74m@[38;2;141;92;82m@[38;2;248;232;224m@[38;2;249;243;231m@[38;2;246;239;227m@[38;2;235;222;212m@[38;2;176;137;129m@[38;2;206;147;130m@[38;2;162;109;108m@[38;2;181;127;119m@[38;2;208;148;130m@[38;2;182;124;106m@[38;2;183;127;121m@[38;2;173;129;131m@[38;2;207;147;129m@[38;2;204;144;126m@[38;2;187;129;110m@[38;2;209;148;130m@[38;2;186;127;111m@[38;2;202;142;125m@[38;2;209;148;130m@[38;2;189;130;111m@[38;2;136;92;90m$             [39m
 [38;2;0;0;0m           [38;2;99;69;74m4[38;2;144;95;92m@[38;2;146;112;113ma[38;2;188;147;152m@[38;2;212;188;185m@[38;2;170;152;149m@[38;2;105;89;95m@[38;2;116;103;109m@[38;2;175;155;152m@[38;2;242;231;222m@[38;2;223;202;195m@[38;2;225;206;202m@[38;2;183;156;151m@[38;2;214;190;184m@[38;2;208;192;183m@[38;2;209;195;184m@[38;2;218;198;190m@[38;2;189;142;134m@[38;2;167;107;91m@[38;2;208;149;130m@[38;2;189;132;119m@[38;2;178;119;106m@[38;2;208;148;130m@[38;2;173;115;96m@[38;2;188;131;117m@             [39m
 [38;2;0;0;0m           [38;2;77;44;53m`[38;2;113;68;69mL[38;2;116;72;78m4[38;2;178;125;131m@[38;2;188;156;159m@[38;2;204;202;205m@[38;2;166;168;176m@[38;2;170;172;182m@[38;2;183;179;181m@[38;2;250;243;231m@@@[38;2;250;243;232m@[38;2;162;152;156m@[38;2;123;117;132m@[38;2;141;139;150m@[38;2;187;182;186ma[38;2;169;144;143mZ[38;2;182;141;140m@[38;2;208;148;130m@[38;2;177;123;117m@[38;2;179;134;130m@[38;2;206;146;129m@[38;2;138;93;85mE[38;2;182;127;116m@             [39m
 [38;2;0;0;0m            [38;2;105;56;64m`[38;2;78;53;62m"[38;2;156;100;96m@[38;2;169;128;117m@[38;2;244;225;214m@[38;2;252;237;226m@[38;2;250;241;230m@[38;2;249;243;231m@[38;2;250;243;231m@@[38;2;250;242;233m@@[38;2;230;224;218m@[38;2;201;195;198m@[38;2;202;197;200m@[38;2;225;219;218m@[38;2;230;213;209m@[38;2;173;125;122m@[38;2;209;148;131m@[38;2;166;112;115m@[38;2;189;138;133m@[38;2;162;109;100m@ [38;2;177;123;115m@             [39m
 [38;2;0;0;0m              [38;2;111;68;66my[38;2;157;97;81m@[38;2;152;92;75m@[38;2;152;99;86m@[38;2;167;124;109m@[38;2;197;164;153m@[38;2;194;170;160m@[38;2;195;170;162m@[38;2;206;181;174m@[38;2;221;205;195m@[38;2;217;199;188m@[38;2;230;208;196mR[38;2;208;177;167m@[38;2;190;150;142m@[38;2;159;108;107m@[38;2;192;133;120m@[38;2;163;107;99m@[38;2;154;96;81m@[38;2;161;101;86m@[38;2;79;50;54m~[38;2;97;58;64mF[38;2;81;54;60m~             [39m
 [38;2;0;0;0m            [38;2;67;35;54m'[38;2;116;69;69m~[38;2;159;100;88m~[38;2;147;93;89m~[38;2;119;73;68mF[38;2;116;63;62m7[38;2;129;81;69m0[38;2;161;120;108m@[38;2;220;181;168m@[38;2;198;146;143m@[38;2;190;129;124m@[38;2;208;178;171m@[38;2;201;172;163m@[38;2;211;169;157m@[38;2;140;93;81m@[38;2;139;85;74m@[38;2;139;83;79m@[38;2;153;97;87m@[38;2;135;80;70mR[38;2;152;91;74m@[38;2;145;86;74m@                [39m
 [38;2;0;0;0m                [38;2;103;80;78m_[38;2;199;162;149mg[38;2;242;200;185m@[38;2;166;130;119m@[38;2;250;206;191m@[38;2;233;176;163m@[38;2;229;168;156m@[38;2;250;207;192m@[38;2;246;203;189m@[38;2;198;157;145m@[38;2;247;206;192m@[38;2;145;112;108m@ [38;2;134;86;76m~ [38;2;118;67;63m`[38;2;149;90;79m~[38;2;91;55;60m?               [39m
 [38;2;0;0;0m               [38;2;167;153;147mg[38;2;206;175;164m@[38;2;215;173;162mF[38;2;94;79;80m~[38;2;173;157;143mg[38;2;213;181;166m@[38;2;212;178;165m@[38;2;212;177;162m@[38;2;214;178;164m@[38;2;216;181;168m@[38;2;191;157;146m@[38;2;165;129;120m~[38;2;232;191;179m@[38;2;179;143;135m$                    [39m
 [38;2;0;0;0m               [38;2;177;158;150m`[38;2;55;47;40m`[38;2;127;120;117m_[38;2;239;236;217mg[38;2;251;248;227m@[38;2;251;247;226m@[38;2;254;252;232m@@[38;2;254;252;231m@[38;2;248;242;219m@[38;2;254;251;231m@[38;2;220;214;197m@[38;2;114;102;96my[38;2;153;129;125m@[38;2;188;167;160m@                   [39m
 [38;2;0;0;0m                 [38;2;181;175;173m?[38;2;193;189;185m@[38;2;216;210;202m@[38;2;246;244;233m@[38;2;254;252;238m@[38;2;254;252;237m@@[38;2;246;244;233m@[38;2;243;241;230m@[38;2;230;224;217m@[38;2;217;210;206mP                     [39m
 [38;2;0;0;0m                    [38;2;234;214;204m@[38;2;239;220;207m@[38;2;129;112;109m$[38;2;156;134;131m4[38;2;247;224;215m@[38;2;250;228;218m@[38;2;64;59;63mL                      [39m
 [38;2;0;0;0m                    [38;2;157;120;115m4[38;2;174;141;135mP[38;2;105;95;97m~ [38;2;186;150;145m@[38;2;168;135;129m@                       [39m
 [38;2;0;0;0m                                                 [39m
 [38;2;0;0;0m                                                 [39m
 [38;2;0;0;0m                                                 [39m
[?25h