[?25l[39m [38;2;0;0;0m                                                 [39m
 [38;2;0;0;0m                                                 [39m
 [38;2;0;0;0m                 [38;2;47;75;87m_[38;2;166;204;214m_[38;2;135;168;178my[38;2;138;169;180mg[38;2;166;198;209mg[38;2;178;212;222mg[38;2;179;213;223mg[38;2;151;185;197m$[38;2;177;213;223mg[38;2;168;203;212mg[38;2;144;176;186mg[38;2;141;173;184my[38;2;100;128;141my[38;2;80;107;119m_                  [39m
 [38;2;0;0;0m               [38;2;129;159;170my[38;2;173;208;219mg[38;2;177;211;221m@[38;2;178;213;224m@@[38;2;178;212;223m@[38;2;166;201;212m@[38;2;161;194;206m@[38;2;163;196;210m@[38;2;175;210;222m@[38;2;178;213;223m@[38;2;178;213;224m@@@@@[38;2;153;186;197m@[38;2;138;170;182my[38;2;48;75;88m,               [39m
 [38;2;0;0;0m             [38;2;125;146;159my[38;2;178;204;213m@[38;2;197;224;232m@[38;2;197;224;233m@[38;2;181;208;218m@[38;2;190;219;227m@[38;2;175;204;214m@[38;2;183;212;222m@[38;2;186;218;228m@[38;2;184;216;227m@[38;2;182;216;226m@[38;2;181;216;226m@[38;2;178;213;223m@@@[38;2;178;213;224m@@@[38;2;179;213;224m@[38;2;178;213;224m@[38;2;171;207;216m@[38;2;99;130;143my              [39m
 [38;2;0;0;0m            [38;2;99;125;137my[38;2;186;213;222m@[38;2;194;222;230m@[38;2;192;222;230m@[38;2;163;191;199m@[38;2;174;203;212m@[38;2;177;207;218m@[38;2;188;219;230m@[38;2;188;218;229m@[38;2;188;220;228m@[38;2;186;218;227m@@[38;2;184;215;225m@[38;2;186;218;228m@[38;2;164;194;205m@[38;2;168;201;214m@[38;2;180;215;225m@[38;2;178;213;223m@[38;2;177;213;222m@[38;2;178;213;223m@[38;2;178;213;224m@@[38;2;177;212;223m@[38;2;74;102;114mL             [39m
 [38;2;0;0;0m            [38;2;128;159;171m$[38;2;143;175;187m@[38;2;178;213;224m@@[38;2;104;134;149m@[38;2;165;198;210m@[38;2;168;201;214m@[38;2;170;206;218m@[38;2;178;213;224m@@[38;2;159;191;202m@[38;2;126;156;165m@[38;2;159;190;199m@[38;2;176;184;191m@[38;2;236;217;216m@[38;2;189;188;189m@[38;2;137;167;178m@[38;2;172;207;218m@[38;2;178;213;224m@@@@@[38;2;115;144;155m@             [39m
 [38;2;0;0;0m            [38;2;118;149;159m9[38;2;127;159;168m@[38;2;177;212;222m@[38;2;150;182;191m@[38;2;129;160;168m@[38;2;144;174;187m@[38;2;142;167;177mR[38;2;158;172;179m@[38;2;155;161;169m@[38;2;134;137;148m@[38;2;158;163;171m@[38;2;208;209;206m@[38;2;242;235;229m@[38;2;239;234;228m@[38;2;244;238;229m@[38;2;253;244;232m@[38;2;197;197;192m@[38;2;136;167;178m@[38;2;178;213;224m@@[38;2;168;201;211m@[38;2;167;201;211m@[38;2;178;213;224m@[38;2;100;131;141m$             [39m
 [38;2;0;0;0m            [38;2;49;76;88m4[38;2;116;148;158m@[38;2;117;151;160m@[38;2;154;187;197m@[38;2;111;126;136m@[38;2;116;133;152m@[38;2;165;180;194m#[38;2;163;162;175m$[38;2;244;234;223m@[38;2;253;245;232m@[38;2;254;245;232m@[38;2;251;242;230m@[38;2;169;158;162m@[38;2;112;112;136m@[38;2;87;89;114m@[38;2;88;86;108m@[38;2;186;175;175mZ[38;2;115;136;145m@[38;2;160;195;206m@[38;2;176;211;221m@[38;2;141;173;184m@[38;2;172;206;215m@[38;2;169;203;214m@[38;2;52;79;93m~             [39m
 [38;2;0;0;0m            [38;2;160;193;205mg[38;2;120;153;165m@[38;2;113;143;156m@[38;2;178;213;224m@[38;2;157;164;167m@[38;2;253;234;222m@[38;2;253;239;228m@[38;2;254;243;231m@[38;2;254;244;234m@@[38;2;253;245;230m@[38;2;253;244;229m@[38;2;252;237;230m@[38;2;214;205;207m@[38;2;223;214;216m@[38;2;222;213;208m@[38;2;157;162;162m@[38;2;148;150;162m@[38;2;121;114;129m@[38;2;176;212;222m@[38;2;151;184;194m@[38;2;165;199;211m@[38;2;146;176;189m@              [39m
 [38;2;0;0;0m           [38;2;148;181;192mg[38;2;159;192;200mF[38;2;93;121;134my[38;2;142;174;190m@[38;2;114;144;160m@[38;2;152;184;196m@[38;2;108;119;138m@[38;2;142;145;157m@[38;2;184;178;182m@[38;2;180;159;155m@[38;2;221;197;188mR[38;2;210;186;179m@[38;2;222;206;196m@[38;2;218;199;190m@[38;2;229;211;201mR[38;2;202;185;182m@[38;2;178;164;171m@[38;2;133;129;149m@[38;2;106;119;146m@[38;2;103;123;150m@[38;2;109;140;157m@[38;2;174;208;219m@[38;2;85;114;125m@[38;2;147;182;191m@[38;2;92;121;133mL             [39m
 [38;2;0;0;0m           [38;2;134;165;174m4[38;2;93;123;133my[38;2;124;156;167m$[38;2;174;207;220m@[38;2;89;119;137m@[38;2;166;202;211m@[38;2;94;124;144m@[38;2;106;124;147m@[38;2;172;174;179m@[38;2;195;193;193m@[38;2;188;180;180m@[38;2;177;173;178m@[38;2;205;196;195m@[38;2;174;167;166m@[38;2;183;176;175m@[38;2;114;118;131m$[38;2;107;134;164m@[38;2;105;135;166m@@@[38;2;107;136;166m@[38;2;112;143;156m@[38;2;125;157;168m@ [38;2;131;162;174m$             [39m
 [38;2;0;0;0m            [38;2;65;96;107m"[38;2;102;135;146m~[38;2;136;168;177m@[38;2;116;144;152m@[38;2;129;143;152m@[38;2;168;173;179m@[38;2;239;241;241m@[38;2;162;155;157m@[38;2;237;241;241m@[38;2;230;236;238m@[38;2;227;235;236m@[38;2;233;240;240m@[38;2;241;247;247m@[38;2;193;194;195m@[38;2;242;245;246m@[38;2;155;160;169m@[38;2;106;131;162m@[38;2;116;146;174m@[38;2;108;138;166m@[38;2;96;127;147m@[38;2;117;151;161m@[38;2;130;162;173mB[38;2;76;101;112ma[38;2;104;133;144m~             [39m
 [38;2;0;0;0m              [38;2;27;54;65m`[38;2;159;157;155m$[38;2;216;205;198m@[38;2;172;169;171mB[38;2;131;138;150m@[38;2;101;110;130m@[38;2;96;95;106m$[38;2;135;131;136m@[38;2;141;138;144m@[38;2;122;117;123m@[38;2;111;104;113m$[38;2;97;99;116my[38;2;119;119;127m@[38;2;243;246;247m@[38;2;204;208;210m@[38;2;149;161;168m@[38;2;176;210;221m@[38;2;159;193;204m@[38;2;125;157;168mF[38;2;54;81;91m`               [39m
 [38;2;0;0;0m               [38;2;181;160;154m`[38;2;56;49;44m`[38;2;102;124;130m~[38;2;123;137;154m@[38;2;140;166;196m@[38;2;159;185;217m@[38;2;157;184;215m@[38;2;146;166;191m@[38;2;139;164;194m@[38;2;161;186;218m@[38;2;144;172;203m@[38;2;129;146;174m@[38;2;126;121;128mF[38;2;158;145;140m@[38;2;204;191;182m@[38;2;64;94;108m`                  [39m
 [38;2;0;0;0m                 [38;2;109;118;141ma[38;2;139;162;194m@[38;2;152;180;212m@[38;2;160;186;218m@[38;2;156;183;215m@[38;2;157;182;214m@[38;2;141;168;199m@[38;2;160;186;219m@[38;2;147;174;208m@[38;2;131;156;188m@[38;2;146;164;196m@[38;2;58;64;79m.                    [39m
 [38;2;0;0;0m                  [38;2;138;147;163mR[38;2;157;171;196m@[38;2;163;184;215m@[38;2;166;189;220m@[38;2;159;182;213m@[38;2;155;173;196m@[38;2;172;189;207m@[38;2;166;183;200m@[38;2;177;194;207m@[38;2;153;163;169m@[38;2;85;88;95mF                    [39m
 [38;2;0;0;0m                   [38;2;48;49;57m`[38;2;106;79;71m4[38;2;127;105;95mP[38;2;172;174;179m~[38;2;163;170;173m~[38;2;113;88;77m@[38;2;121;91;80m@[38;2;51;48;55m`                      [39m
 [38;2;0;0;0m                                                 [39m
 [38;2;0;0;0m                                                 [39m
 [38;2;0;0;0m                                                 [39m
[?25h