[?25l[39m [38;2;0;0;0m                                                 [39m
 [38;2;0;0;0m                                                 [39m
 [38;2;0;0;0m                   [38;2;159;152;150m_[38;2;126;125;131my[38;2;149;149;151my[38;2;164;159;162my[38;2;143;139;142mg[38;2;144;141;144mg[38;2;160;158;161my[38;2;145;144;148my[38;2;121;119;123my[38;2;151;143;142m_                    [39m
 [38;2;0;0;0m               [38;2;115;104;105m_[38;2;173;170;172my[38;2;205;203;202mg[38;2;203;200;201m@[38;2;202;202;202m@@@@@@@@@@[38;2;200;200;199m@[38;2;197;195;194mg[38;2;153;149;151my[38;2;73;66;69m,                [39m
 [38;2;0;0;0m              [38;2;191;187;187mg[38;2;228;227;227m@[38;2;226;227;227m@[38;2;198;195;196m@[38;2;210;208;209m@[38;2;221;222;222m@[38;2;218;218;218m@[38;2;214;214;214m@[38;2;210;210;210m@[38;2;208;208;208m@[38;2;204;204;204m@[38;2;202;202;202m@[38;2;201;202;201m@[38;2;202;202;202m@@@@[38;2;202;202;201m@[38;2;201;199;199m@[38;2;142;137;140mg               [39m
 [38;2;0;0;0m             [38;2;153;145;146m@[38;2;223;222;223m@[38;2;220;218;219m@[38;2;184;180;181m@[38;2;216;215;215m@[38;2;213;212;212m@[38;2;213;213;213m@[38;2;212;212;212m@[38;2;211;211;211m@@@[38;2;210;210;210m@[38;2;212;211;211m@[38;2;177;168;170m@[38;2;145;133;140m@[38;2;198;197;198m@[38;2;203;203;204m@[38;2;202;202;202m@[38;2;191;190;191m@[38;2;202;201;201m@[38;2;202;202;202m@[38;2;152;147;148m@              [39m
 [38;2;0;0;0m            [38;2;124;113;117mg[38;2;188;185;186m@[38;2;201;202;201m@[38;2;150;146;151m@[38;2;201;200;201m@[38;2;144;134;135m@[38;2;174;170;169m@[38;2;202;201;200m@[38;2;198;195;195m@[38;2;158;150;153m@[38;2;202;202;202m@@[38;2;202;200;202m@[38;2;167;151;152m@[38;2;229;207;204m@[38;2;235;219;212m@[38;2;131;116;117m@[38;2;194;193;193m@[38;2;202;202;202m@[38;2;200;200;200m@[38;2;173;169;175m@[38;2;198;197;197m@[38;2;198;198;198m@[38;2;126;118;120mL             [39m
 [38;2;0;0;0m          [38;2;37;18;24m.[38;2;119;106;112ma[38;2;124;112;117mM[38;2;181;176;177m@[38;2;193;189;189m@[38;2;110;91;97mB[38;2;137;122;119mZ[38;2;120;110;97mB[38;2;149;139;135m5[38;2;195;179;175m@[38;2;201;179;177m@[38;2;134;120;119m0[38;2;183;179;179m@[38;2;184;174;171m@[38;2;196;182;178m@[38;2;230;220;211m@[38;2;238;228;218m@[38;2;250;242;229m@[38;2;220;207;199m@[38;2;175;169;169m$[38;2;202;202;202m@[38;2;202;202;203m@[38;2;145;136;141m@[38;2;200;199;201m@[38;2;161;155;158m@[38;2;122;115;117m@             [39m
 [38;2;0;0;0m             [38;2;148;138;139m$[38;2;177;169;170m@[38;2;191;167;161m$[38;2;202;202;186m@[38;2;168;175;133m@[38;2;179;189;142m@[38;2;187;188;166mg[38;2;227;216;204m@[38;2;211;199;190m@[38;2;251;242;230m@[38;2;253;244;232m@[38;2;175;165;155m@[38;2;136;139;106m@[38;2;135;149;95mg[38;2;108;118;83mg[38;2;167;155;154mg[38;2;176;170;169m$[38;2;203;202;202m@[38;2;153;146;148m@[38;2;156;146;148m@[38;2;130;113;122m@[38;2;109;93;98mM[38;2;83;68;76mF             [39m
 [38;2;0;0;0m             [38;2;91;80;83m"[38;2;186;179;178m@[38;2;167;136;129m4[38;2;243;219;211m@[38;2;254;234;225m@[38;2;254;241;227m@[38;2;254;245;230m@[38;2;254;245;232m@@@@[38;2;227;221;207m@[38;2;195;197;168m@[38;2;197;200;169m@[38;2;206;204;186m@[38;2;166;152;149m@[38;2;199;196;197m@[38;2;174;166;167m@[38;2;173;126;138m@[38;2;125;93;99mP[38;2;36;8;8m'[38;2;68;49;55m~              [39m
 [38;2;0;0;0m              [38;2;104;97;101m~[38;2;119;110;113mK[38;2;58;32;33m`[38;2;195;166;162m~[38;2;167;147;143mP[38;2;177;160;154m#[38;2;211;196;186m@[38;2;197;171;161m@[38;2;212;189;179m@[38;2;224;206;197m@[38;2;218;199;189m@[38;2;211;191;181m@[38;2;214;191;182mR[38;2;181;161;157mE[38;2;162;153;152m@[38;2;161;154;155m@[38;2;99;78;85mM[38;2;119;101;112mF                 [39m
 [38;2;0;0;0m                  [38;2;40;51;35m.[38;2;53;76;52m:[38;2;118;132;113m7[38;2;150;139;133m@[38;2;180;160;158m@[38;2;133;133;124m#[38;2;111;119;105mM[38;2;109;133;110m~[38;2;50;49;40m:[38;2;133;120;120m=[38;2;153;144;143m~[38;2;84;64;68m~                   [39m
 [38;2;0;0;0m                [38;2;27;28;17m.[38;2;49;78;50m:[38;2;51;90;56m`[38;2;41;63;40m'[38;2;112;135;94m4[38;2;167;172;117m@[38;2;189;192;142m@[38;2;144;152;92ma[38;2;50;91;61m:[38;2;51;91;56m'[38;2;51;90;59m:[38;2;45;69;45m:                     [39m
 [38;2;0;0;0m               [38;2;162;150;150mg[38;2;155;155;142mg[38;2;48;92;59m`[38;2;53;72;52m`[38;2;51;89;59m:[38;2;67;106;75m"[38;2;78;115;85m~[38;2;94;130;100m7[38;2;47;91;58m:[38;2;47;90;58m:[38;2;48;90;58m:[38;2;49;89;57m`[38;2;47;91;60m`[38;2;46;83;52m:[38;2;70;73;68m_                   [39m
 [38;2;0;0;0m               [38;2;178;160;158m`[38;2;57;43;43m` [38;2;22;15;12m`[38;2;53;88;59m:[38;2;47;90;58m``````[38;2;40;75;47m'[38;2;52;74;52m`[38;2;168;162;152mR[38;2;187;173;166m@                   [39m
 [38;2;0;0;0m                   [38;2;88;70;79m=[38;2;196;177;174mg[38;2;153;148;139m@[38;2;107;103;95m@[38;2;154;140;134my[38;2;193;175;170my[38;2;176;161;155mg[38;2;41;58;37m'                      [39m
 [38;2;0;0;0m                    [38;2;239;227;217m@[38;2;253;245;232m@[38;2;131;121;118m@[38;2;166;157;152m4[38;2;254;244;232m@[38;2;253;243;230m@[38;2;63;62;65mL                      [39m
 [38;2;0;0;0m                    [38;2;149;145;126m4[38;2;106;104;88mR[38;2;42;23;23m' [38;2;176;173;148m@[38;2;123;115;106mE                       [39m
 [38;2;0;0;0m                                                 [39m
 [38;2;0;0;0m                                                 [39m
 [38;2;0;0;0m                                                 [39m
[?25h