[?25l[39m [38;2;0;0;0m                                                 [39m
 [38;2;0;0;0m                                                 [39m
 [38;2;0;0;0m                   [38;2;67;70;87m_[38;2;76;89;112m_[38;2;57;68;89my[38;2;61;71;92my[38;2;60;68;90myy[38;2;60;70;91my[38;2;77;88;114m_[38;2;75;82;103m_                     [39m
 [38;2;0;0;0m                [38;2;65;76;95my[38;2;75;87;113mg[38;2;73;85;109m@[38;2;74;88;115m@[38;2;75;89;116m@@[38;2;74;89;116m@@[38;2;75;89;116m@@@@@[38;2;71;81;105m$[38;2;64;74;94my[38;2;64;74;92m_                 [39m
 [38;2;0;0;0m              [38;2;76;84;109mg[38;2;103;120;155m@[38;2;89;104;136m@[38;2;82;97;126m@[38;2;95;114;147m@[38;2;96;114;146m@[38;2;93;111;144m@[38;2;88;107;139m@[38;2;85;102;131m@[38;2;81;98;127m@[38;2;79;96;123m@[38;2;76;91;119m@[38;2;75;89;116m@[38;2;69;83;107m@[38;2;68;83;106m@[38;2;74;89;116m@[38;2;75;89;114m@[38;2;71;86;109m$[38;2;62;72;92m$[38;2;67;74;93m_               [39m
 [38;2;0;0;0m             [38;2;72;73;96my[38;2;99;117;151m@[38;2;80;95;122mM[38;2;73;84;112m$[38;2;83;95;122m@[38;2;64;72;92mM[38;2;76;92;120m@[38;2;72;84;108m@[38;2;72;86;111m@[38;2;73;86;111m@[38;2;75;89;116m@[38;2;75;90;117m@[38;2;76;90;118m@[38;2;78;92;119m@[38;2;75;90;115m@[38;2;68;84;106m@[38;2;65;77;100m5[38;2;66;80;104m@[38;2;70;84;108m@[38;2;66;80;103mR[38;2;65;75;96mA[38;2;38;29;39m:              [39m
 [38;2;0;0;0m             [38;2;67;76;98m$[38;2;64;79;102m$[38;2;59;70;92m4[38;2;110;98;112mg[38;2;175;152;160m@[38;2;181;154;158m@[38;2;77;84;106m@[38;2;132;105;116ma[38;2;107;98;116mB[38;2;73;74;90my[38;2;82;77;96mB[38;2;76;86;112m@[38;2;75;89;115m@[38;2;75;89;116m@[38;2;74;87;114m@[38;2;64;78;101mZ[38;2;54;66;85mW[38;2;72;85;110m@[38;2;68;80;103m9[38;2;69;81;105m@[38;2;67;79;102mt[38;2;53;54;71m'              [39m
 [38;2;0;0;0m            [38;2;30;19;29m:[38;2;64;72;91m3[38;2;65;69;85mF[38;2;156;136;133mg[38;2;145;133;133m@[38;2;185;175;167mT[38;2;176;162;156m@[38;2;191;175;172m$[38;2;121;115;121mg[38;2;174;163;158mR[38;2;227;214;205m@[38;2;160;149;147m@[38;2;136;113;119mZ[38;2;74;65;82mE[38;2;67;73;95m5[38;2;69;82;106m@[38;2;70;83;106m@[38;2;67;79;100m$[38;2;63;75;96m$[38;2;61;74;97m4[38;2;75;89;116m@[38;2;61;73;93mL[38;2;65;69;86mL              [39m
 [38;2;0;0;0m            [38;2;58;51;62m:[38;2;50;47;61m"[38;2;82;72;87m#[38;2;196;178;172m$[38;2;196;194;197m@[38;2;136;151;160m@[38;2;151;170;173m@[38;2;152;150;153m@[38;2;244;234;222m@[38;2;235;226;215m@[38;2;196;181;173m@[38;2;229;218;207m@[38;2;164;150;152m@[38;2;134;124;131mE[38;2;86;80;87mD[38;2;142;140;148mg[38;2;200;192;194my[38;2;62;70;94m~[38;2;68;77;98mF[38;2;61;75;94mH[38;2;71;82;102m=[38;2;60;69;87m+[38;2;62;65;85m^              [39m
 [38;2;0;0;0m            [38;2;71;63;76m: [38;2;73;75;95m$[38;2;140;125;123m3[38;2;243;221;213m@[38;2;253;234;225m@[38;2;253;240;230m@[38;2;254;245;232m@@@@@[38;2;221;214;207m@[38;2;186;196;192m@[38;2;180;192;191m@[38;2;191;188;188m@[38;2;225;214;208m@[38;2;78;77;91m@[38;2;68;49;60m;[38;2;71;84;108m$[38;2;64;72;93mE[38;2;27;10;16m'[38;2;59;53;67m4              [39m
 [38;2;0;0;0m            [38;2;65;53;68m` [38;2;72;65;79m4 [38;2;41;31;40m'[38;2;185;168;161m~[38;2;182;173;168m7[38;2;187;177;171mP[38;2;191;180;173m@[38;2;217;199;190mR[38;2;205;185;175m@[38;2;218;204;192m@[38;2;212;195;185m@[38;2;224;205;197mR[38;2;206;187;181mR[38;2;213;195;189mF[38;2;89;78;89m9[38;2;66;58;71m~[38;2;54;56;71mu[38;2;73;80;101m@[38;2;28;22;34m` [38;2;79;74;88mJ              [39m
 [38;2;0;0;0m             [38;2;37;15;21m:[38;2;71;66;78m`  [38;2;22;10;16m`[38;2;89;79;81my[38;2;149;137;137mg[38;2;181;173;174m@[38;2;70;29;43m`[38;2;151;113;119mB[38;2;98;58;68m~[38;2;163;150;152m$[38;2;190;187;186m@[38;2;106;103;106my[38;2;41;44;56m:[38;2;73;75;93m[[38;2;41;45;56m`[38;2;65;66;83m4[38;2;48;52;67m~ [38;2;49;42;50m.[38;2;61;56;66m^              [39m
 [38;2;0;0;0m                [38;2;97;91;97m_[38;2;176;170;169mg[38;2;212;208;208m@[38;2;164;153;155mF[38;2;210;207;207m@[38;2;150;136;138m@[38;2;158;149;150mg[38;2;202;195;194m@[38;2;216;212;211m@[38;2;174;168;168m@[38;2;218;214;214m@[38;2;161;156;157my[38;2;56;52;65m"[38;2;42;42;53m'[38;2;45;43;59m`[38;2;31;12;16m. [38;2;46;30;39m`               [39m
 [38;2;0;0;0m               [38;2;166;155;151mg[38;2;189;177;174m@[38;2;188;182;182mF[38;2;96;89;91m~[38;2;112;105;108my[38;2;210;208;206m@[38;2;196;194;192m@[38;2;199;198;196m@[38;2;211;210;208m@[38;2;216;214;212m@[38;2;213;208;208m@[38;2;119;111;112m7[38;2;205;201;200m@[38;2;163;156;159m$[38;2;56;43;48m; [38;2;29;1;3m`                 [39m
 [38;2;0;0;0m               [38;2;179;162;154m`[38;2;57;40;44m` [38;2;28;16;22m`[38;2;105;86;91mf[38;2;176;165;166mR[38;2;182;173;173mR[38;2;179;174;173m@[38;2;194;189;187m@[38;2;178;171;170m@[38;2;187;180;179mR[38;2;70;58;67m^[38;2;89;76;82m"[38;2;146;135;132m@[38;2;187;173;166m@                   [39m
 [38;2;0;0;0m                   [38;2;57;19;33m`[38;2;76;29;51m`[38;2;100;27;40m'[38;2;60;22;41m`[38;2;101;23;37m'[38;2;82;26;44m`[38;2;86;28;44m'[38;2;37;2;5m'                      [39m
 [38;2;0;0;0m                    [38;2;154;137;136m_[38;2;154;145;141m_[38;2;71;52;55m;[38;2;48;32;36m`[38;2;54;45;55m``                       [39m
 [38;2;0;0;0m                    [38;2;150;142;142m4[38;2;143;135;136m*[38;2;62;43;40m' [38;2;174;165;163m@[38;2;146;135;134mE                       [39m
 [38;2;0;0;0m                                                 [39m
 [38;2;0;0;0m                                                 [39m
 [38;2;0;0;0m                                                 [39m
[?25h