[?25l[39m [38;2;0;0;0m                                                 [39m
 [38;2;0;0;0m                                                 [39m
 [38;2;0;0;0m                   [38;2;182;132;209m_[38;2;127;100;158my[38;2;152;117;184my[38;2;164;123;195my[38;2;170;126;201my[38;2;169;126;199my[38;2;159;123;190my[38;2;143;111;177my[38;2;204;152;235m_[38;2;132;93;161m_                    [39m
 [38;2;0;0;0m               [38;2;132;109;155my[38;2;179;139;203mg[38;2;184;137;213m@[38;2;209;157;239m@[38;2;202;150;231m@[38;2;205;153;234m@[38;2;211;158;239m@[38;2;213;160;242m@[38;2;212;159;242m@[38;2;210;158;241m@[38;2;202;150;234m@[38;2;213;158;243m@@@[38;2;207;154;238m@[38;2;202;152;233mg[38;2;157;118;189my[38;2;86;58;115m_                [39m
 [38;2;0;0;0m             [38;2;167;140;190my[38;2;203;170;225m@[38;2;229;194;248m@[38;2;227;189;244m@[38;2;220;182;239m@[38;2;226;188;244m@[38;2;227;190;248m@[38;2;222;188;248m@[38;2;225;184;246m@[38;2;224;182;245m@[38;2;223;181;246m@[38;2;223;178;245m@[38;2;222;177;246m@[38;2;217;169;242m@[38;2;219;169;245m@[38;2;216;164;244m@[38;2;214;162;245m@[38;2;213;160;243m@[38;2;214;158;242m@[38;2;210;157;241m@[38;2;162;120;193mg[38;2;56;40;85m,              [39m
 [38;2;0;0;0m            [38;2;197;161;217ma[38;2;182;143;211m@[38;2;213;167;240m@[38;2;216;166;244m@[38;2;214;160;242m@[38;2;204;151;234m@[38;2;191;139;217m@[38;2;200;166;243m@[38;2;163;188;244m@[38;2;212;159;242m@[38;2;213;158;242m@[38;2;185;135;210m@[38;2;192;140;218m@[38;2;212;158;243m@[38;2;213;158;243m@[38;2;198;146;229m@[38;2;204;152;234m@[38;2;195;170;242m@[38;2;141;191;238m@[38;2;212;159;243m@[38;2;213;158;243m@[38;2;210;156;241m@[38;2;184;135;211m@[38;2;74;45;100m,             [39m
 [38;2;0;0;0m           [38;2;109;76;136m4[38;2;113;73;139m9[38;2;208;155;238m@[38;2;212;158;242m@[38;2;209;155;239m@[38;2;190;146;197m@[38;2;219;198;206m@[38;2;184;147;177m@[38;2;192;159;235m@[38;2;99;224;247m@[38;2;205;162;243m@[38;2;196;142;221m@[38;2;209;175;189m@[38;2;219;191;200m@[38;2;175;128;193m@[38;2;213;158;243m@[38;2;212;158;242m@[38;2;162;113;195m@[38;2;206;163;242m@[38;2;85;232;247m@[38;2;162;155;223m@[38;2;213;158;243m@[38;2;213;158;242m@[38;2;164;115;195m@[38;2;155;112;184m@             [39m
 [38;2;0;0;0m           [38;2;51;19;70m'[38;2;170;126;200m@[38;2;201;149;233m@[38;2;177;130;209m@[38;2;125;81;118mB[38;2;189;171;165m@[38;2;173;154;137m@[38;2;200;183;176mR[38;2;174;143;175m@[38;2;128;204;243m@[38;2;98;226;247m@[38;2;153;128;174m@[38;2;252;240;231m@[38;2;236;223;221m@[38;2;238;223;225m@[38;2;205;180;202m@[38;2;188;149;202m@[38;2;143;99;174m@[38;2;191;168;241m@[38;2;62;245;248m@[38;2;108;156;203m@[38;2;210;154;241m@[38;2;213;159;244m@[38;2;148;102;180m@[38;2;146;105;172m4             [39m
 [38;2;0;0;0m          [38;2;81;45;104m.[38;2;162;117;191ma[38;2;155;112;183m@[38;2;175;126;204m@[38;2;87;79;118mR[38;2;151;110;138m@[38;2;243;231;222m@[38;2;212;193;159m@[38;2;192;175;130m@[38;2;195;184;156m@[38;2;210;195;204m@[38;2;102;160;189m@[38;2;94;172;187m@[38;2;248;240;232m@[38;2;190;171;159m@[38;2;193;168;140m@[38;2;163;137;97m@[38;2;154;139;111m@[38;2;146;118;149m@[38;2;141;200;242m@[38;2;56;249;249m@[38;2;114;120;181m@[38;2;202;150;235m@[38;2;212;158;243m@[38;2;132;93;162m@[38;2;61;46;91m"             [39m
 [38;2;0;0;0m             [38;2;120;83;146m4 [38;2;158;128;132m4[38;2;244;231;222m@[38;2;253;245;232m@[38;2;254;244;232m@@[38;2;254;244;234m@@[38;2;216;203;204m@[38;2;190;172;182m@[38;2;246;236;226m@[38;2;232;219;196m@[38;2;235;223;198m@[38;2;230;215;201m@[38;2;132;141;181m@[38;2;62;246;247m@[38;2;71;177;191m@[38;2;130;89;146m@[38;2;180;127;210m@[38;2;198;146;228m@[38;2;142;106;171mM[38;2;112;81;139m=             [39m
 [38;2;0;0;0m               [38;2;72;48;98m~[38;2;113;73;115m~[38;2;196;173;168m~[38;2;140;112;137m@[38;2;180;156;164m@[38;2;198;185;165m@[38;2;219;196;185mR[38;2;210;183;175m@[38;2;219;196;187m@[38;2;219;201;189m@[38;2;230;214;205mR[38;2;208;186;190m@[38;2;155;158;173m@[38;2;61;233;233m@[38;2;61;181;196mM[38;2;103;70;130m@ [38;2;52;23;79m`[38;2;168;122;195m~[38;2;114;83;139m~              [39m
 [38;2;0;0;0m                  [38;2;139;133;134my[38;2;149;155;91m$[38;2;152;168;158m@[38;2;197;204;204m@[38;2;214;203;200m@[38;2;211;202;198m@[38;2;202;192;189m@[38;2;183;199;108m$[38;2;99;94;109m@[38;2;63;167;185m@[38;2;50;180;189m~                    [39m
 [38;2;0;0;0m                [38;2;135;113;104my[38;2;239;199;164mg[38;2;202;193;183m@[38;2;134;127;102m$[38;2;181;178;177m@[38;2;201;199;200m@[38;2;218;218;218m@[38;2;238;238;238m@[38;2;191;187;183m@[38;2;137;132;108m@[38;2;193;195;207m@[38;2;188;184;187m$[38;2;59;57;64m,                    [39m
 [38;2;0;0;0m               [38;2;168;110;100mg[38;2;248;135;122m@[38;2;204;133;122m@[38;2;163;145;139m@[38;2;184;176;177m@[38;2;180;181;194m@[38;2;161;162;178m@[38;2;121;121;146m@[38;2;85;85;119m@[38;2;62;58;88mF[38;2;233;230;230m@[38;2;196;184;176m@[38;2;249;213;180m@[38;2;221;171;144m@[38;2;142;78;68m_                   [39m
 [38;2;0;0;0m               [38;2;180;160;153m`[38;2;83;30;27m` [38;2;226;222;220m@[38;2;147;162;166mM[38;2;112;165;175mR[38;2;118;174;183m#[38;2;94;145;159mR[38;2;59;113;130mR[38;2;59;106;117mm[38;2;194;194;195m@[38;2;246;245;240m@[38;2;146;99;91mM[38;2;206;107;97m@[38;2;198;124;116m@                   [39m
 [38;2;0;0;0m                  [38;2;122;116;91m@[38;2;59;54;59m`[38;2;48;53;56m'[38;2;57;58;61m`[38;2;57;54;57m:[38;2;58;58;60m:[38;2;52;52;58m'[38;2;102;95;99m"[38;2;173;171;171mA[38;2;126;119;118mF                     [39m
 [38;2;0;0;0m                   [38;2;61;50;54m:[38;2;49;51;56m:[38;2;58;58;63m:[38;2;58;59;61m'[38;2;57;58;59m:[38;2;53;54;59m:[38;2;58;59;63m:[38;2;57;50;50m'[38;2;27;21;10m`                     [39m
 [38;2;0;0;0m                   [38;2;37;18;23m`[38;2;77;69;71m![38;2;110;101;100mY[38;2;41;29;31m`[38;2;58;58;59m`[38;2;204;192;190m=[38;2;178;165;163m=[38;2;58;41;45m`                      [39m
 [38;2;0;0;0m                                                 [39m
 [38;2;0;0;0m                                                 [39m
 [38;2;0;0;0m                                                 [39m
[?25h