[?25l[39m [38;2;0;0;0m                                                 [39m
 [38;2;0;0;0m                                                 [39m
 [38;2;0;0;0m                  [38;2;53;104;162m_[38;2;40;86;137my[38;2;38;85;139mg[38;2;48;101;156mg[38;2;54;109;164mg[38;2;56;110;166mg[38;2;57;109;166mg[38;2;55;108;164mg[38;2;50;101;156mg[38;2;40;87;142mg[38;2;42;88;141my[38;2;54;105;164m_[38;2;18;46;94m,                  [39m
 [38;2;0;0;0m               [38;2;40;86;137my[38;2;55;107;165mg[38;2;54;109;166m@[38;2;54;110;166m@@@@@@[38;2;50;106;162m@[38;2;46;101;155m@[38;2;48;104;158m@[38;2;52;109;164m@[38;2;54;110;166m@[38;2;53;110;166m@[38;2;53;111;166m@[38;2;50;102;158m$[38;2;45;88;144my                [39m
 [38;2;0;0;0m             [38;2;56;91;136my[38;2;81;129;177m@[38;2;84;138;187m@[38;2;84;137;187m@[38;2;81;135;185m@[38;2;78;133;185m@[38;2;75;129;181m@[38;2;72;126;180m@[38;2;67;122;175m@[38;2;62;117;172m@[38;2;58;114;169m@[38;2;55;111;167m@[38;2;54;110;166m@[38;2;54;110;165m@[38;2;53;109;164m@[38;2;47;104;158m@[38;2;53;110;165m@[38;2;54;110;166m@@@[38;2;52;107;163m@[38;2;39;86;139m_              [39m
 [38;2;0;0;0m            [38;2;49;88;133my[38;2;80;131;182m@[38;2;80;132;184m@[38;2;65;114;165mM[38;2;60;109;163m@[38;2;75;126;181m@[38;2;117;132;173mg[38;2;60;106;158m@[38;2;69;123;176m@[38;2;68;122;175m@[38;2;66;121;174m@[38;2;64;119;173m@[38;2;61;116;170m@[38;2;59;115;170m@[38;2;58;114;170m@[38;2;56;112;168m@[38;2;55;111;168m@[38;2;48;105;160m@[38;2;52;108;163m@[38;2;54;110;165m@[38;2;54;110;166m@@[38;2;54;108;163m@[38;2;6;31;86m.             [39m
 [38;2;0;0;0m            [38;2;54;102;158m$[38;2;54;109;167m@[38;2;34;84;136mE[38;2;135;134;169my[38;2;51;101;158m@[38;2;128;138;170m@[38;2;216;210;210m@[38;2;70;101;141m@[38;2;54;109;165m@[38;2;54;110;166m@@@[38;2;52;103;160m@[38;2;64;90;143m0[38;2;55;108;165m@[38;2;44;99;153m@[38;2;52;108;163m@[38;2;54;110;166m@[38;2;51;107;163m@[38;2;54;110;166m@[38;2;45;100;156m@[38;2;54;110;166m@@[38;2;35;70;127mF             [39m
 [38;2;0;0;0m            [38;2;48;94;151m$[38;2;48;99;154m@[38;2;117;98;126m$[38;2;173;143;147m@[38;2;147;136;145m@[38;2;152;146;146mM[38;2;182;171;167mR[38;2;201;192;198m@[38;2;51;87;139m@[38;2;46;91;147m5[38;2;55;110;166m@[38;2;49;102;157m@[38;2;50;100;154m@[38;2;205;198;208m$[38;2;114;118;143mg[38;2;113;120;155m@[38;2;44;86;144m4[38;2;54;110;166m@@[38;2;53;110;166m@[38;2;39;92;148m@[38;2;54;108;165m@[38;2;39;87;141mE[38;2;9;40;96m'             [39m
 [38;2;0;0;0m            [38;2;32;69;123m~[38;2;38;74;131m4[38;2;129;115;144mR[38;2;205;182;177m@[38;2;213;216;220m@[38;2;91;148;177m@[38;2;94;170;198m@[38;2;107;132;155m@[38;2;242;238;232m@[38;2;209;207;208m@[38;2;163;182;199m@[38;2;174;184;197mg[38;2;104;129;164m@[38;2;111;127;148m$[38;2;120;116;125mT[38;2;88;97;121mZ[38;2;75;102;145mW[38;2;54;110;166m@[38;2;54;110;165m@[38;2;49;104;159m@[38;2;39;88;142m~[38;2;28;75;129m`[38;2;15;56;106m:              [39m
 [38;2;0;0;0m              [38;2;29;54;105m^[38;2;140;124;134m5[38;2;243;224;215m@[38;2;251;236;226m@[38;2;249;239;232m@[38;2;249;242;233m@[38;2;250;243;231m@@@@[38;2;238;231;228m@[38;2;164;189;201m@[38;2;155;197;209m@[38;2;170;186;200m@[38;2;82;111;152mM[38;2;37;86;139m$[38;2;30;81;132m~[38;2;12;57;106m`[38;2;6;28;83m'[38;2;15;56;105m'[38;2;14;48;103m'              [39m
 [38;2;0;0;0m                [38;2;53;34;58m`[38;2;191;171;168m~[38;2;177;168;165mT[38;2;187;174;170mP[38;2;204;191;184mR[38;2;218;195;186mR[38;2;205;179;171m@[38;2;222;204;196m@[38;2;214;196;188m@[38;2;227;206;197mR[38;2;205;182;178mR[38;2;189;171;180mF[38;2;16;52;108m`[38;2;24;71;122m'[38;2;13;56;104m`[38;2;15;52;105m'[38;2;1;27;72m`                [39m
 [38;2;0;0;0m                  [38;2;153;144;145m_[38;2;197;188;191ma[38;2;111;100;121mM[38;2;124;113;141m@[38;2;161;147;158m@[38;2;156;146;165m@[38;2;139;130;141ma[38;2;221;216;217m@[38;2;114;112;116my[38;2;1;19;74m`[38;2;13;51;106m`                    [39m
 [38;2;0;0;0m                [38;2;110;108;109m_[38;2;202;198;195mg[38;2;244;241;238m@[38;2;172;163;168m@[38;2;90;86;130mg[38;2;105;111;173m@[38;2;106;111;174m@[38;2;96;94;142m$[38;2;172;166;174m@[38;2;201;197;193m@[38;2;252;252;246m@[38;2;181;179;179my                     [39m
 [38;2;0;0;0m               [38;2;174;164;160mg[38;2;217;203;197m@[38;2;206;197;193mF[38;2;116;114;117my[38;2;161;153;166m$[38;2;108;105;155m$[38;2;115;120;182m@[38;2;117;121;183m@[38;2;87;78;112m$[38;2;206;203;209m@[38;2;252;252;248m@[38;2;150;139;141m@[38;2;237;235;232m@[38;2;187;183;181m$                    [39m
 [38;2;0;0;0m               [38;2;177;159;151m`[38;2;61;45;44m` [38;2;142;133;143mB[38;2;85;77;115mg[38;2;106;111;171m@[38;2;118;123;182m@[38;2;116;121;182m@[38;2;79;69;104m$[38;2;188;185;195m@[38;2;228;227;226m@[38;2;166;157;169m@[38;2;95;87;90m"[38;2;157;143;139m@[38;2;205;191;183m@                   [39m
 [38;2;0;0;0m                  [38;2;51;48;70m`[38;2;104;102;146m~[38;2;77;76;110m7[38;2;90;91;131mF[38;2;95;92;137mF[38;2;90;88;128mT[38;2;99;99;142mT[38;2;99;97;138mT[38;2;75;64;103m~[38;2;35;18;37m`                     [39m
 [38;2;0;0;0m                    [38;2;127;117;117my[38;2;135;124;124my[38;2;124;108;106m;[38;2;56;48;57m`[38;2;124;114;109m_[38;2;169;155;151m_                       [39m
 [38;2;0;0;0m                    [38;2;133;123;139m#[38;2;160;157;175mP[38;2;81;75;85m^ [38;2;190;184;195m@[38;2;173;168;178m@                       [39m
 [38;2;0;0;0m                                                 [39m
 [38;2;0;0;0m                                                 [39m
 [38;2;0;0;0m                                                 [39m
[?25h