[?25l[39m [38;2;0;0;0m                                                 [39m
 [38;2;0;0;0m                                                 [39m
 [38;2;0;0;0m                  [38;2;175;179;167m_[38;2;137;145;139my[38;2;161;169;162my[38;2;154;158;151mg[38;2;172;176;166mg[38;2;179;183;172mg[38;2;179;182;172mg[38;2;167;171;161mg[38;2;147;153;146mg[38;2;158;163;157my[38;2;121;128;125my[38;2;133;136;126m_                   [39m
 [38;2;0;0;0m               [38;2;144;151;144my[38;2;198;202;191mg[38;2;202;206;196m@[38;2;203;209;198m@@[38;2;201;208;197m@[38;2;196;202;191m@[38;2;196;203;190m@[38;2;202;209;196m@[38;2;196;202;190m@[38;2;203;209;198m@@@@[38;2;203;210;199m@[38;2;195;200;190m@[38;2;174;179;169mg[38;2;165;168;159m_                [39m
 [38;2;0;0;0m             [38;2;115;119;115my[38;2;177;179;173m@[38;2;222;225;218m@[38;2;225;230;220m@[38;2;224;229;220m@@[38;2;222;227;217m@[38;2;220;225;214m@[38;2;217;222;212m@[38;2;213;219;208m@[38;2;209;216;204m@[38;2;207;214;201m@[38;2;202;208;196m@[38;2;203;209;198m@[38;2;202;209;198m@[38;2;202;210;197m@[38;2;200;207;196m@[38;2;184;190;180m@[38;2;203;209;198m@[38;2;203;209;199m@[38;2;153;159;151m$[38;2;47;58;59m,              [39m
 [38;2;0;0;0m            [38;2;144;147;146mg[38;2;203;204;196m@[38;2;222;225;217m@[38;2;231;235;225m@[38;2;225;228;220m@[38;2;221;224;216m@[38;2;224;227;219m@[38;2;198;201;192m@[38;2;219;223;213m@[38;2;218;222;212m@[38;2;216;222;209m@[38;2;213;220;207m@[38;2;211;217;206m@[38;2;210;216;204m@[38;2;208;215;202m@[38;2;207;213;201m@[38;2;205;212;200m@[38;2;204;211;200m@[38;2;203;210;199m@[38;2;173;178;168m@[38;2;203;208;197m@[38;2;200;205;195m@[38;2;129;132;124m@              [39m
 [38;2;0;0;0m          [38;2;70;70;65m_[38;2;192;194;184ma[38;2;210;212;202m@[38;2;176;180;170m@[38;2;204;209;197m@[38;2;165;168;158m@[38;2;148;135;133m@[38;2;188;195;186m@[38;2;174;169;158m@[38;2;151;146;136m@[38;2;203;209;198m@@@[38;2;196;200;190m@[38;2;137;131;124m@[38;2;203;208;198m@[38;2;203;209;198m@[38;2;202;208;196m@[38;2;189;194;182m@[38;2;199;206;194m@[38;2;203;209;198m@[38;2;187;190;179m@[38;2;183;187;174m@[38;2;204;209;197m@[38;2;192;197;186m@[38;2;67;75;76m_             [39m
 [38;2;0;0;0m           [38;2;118;126;119my[38;2;129;131;118m@[38;2;185;189;177m@[38;2;200;205;194m@[38;2;110;92;92mE[38;2;167;150;151mB[38;2;150;132;126m=[38;2;215;198;190mR[38;2;191;177;170m@[38;2;191;195;185m@[38;2;203;209;198m@@[38;2;162;160;151m@[38;2;241;228;219m@[38;2;185;180;170m@[38;2;188;192;181m@[38;2;175;176;167m@[38;2;143;131;128m@[38;2;184;190;178m@[38;2;203;209;198m@[38;2;199;205;194m@[38;2;131;135;122m@[38;2;200;206;194m@[38;2;203;209;197m@[38;2;181;187;176m@[38;2;170;171;162m_            [39m
 [38;2;0;0;0m           [38;2;171;176;165m@[38;2;89;93;86mM[38;2;194;199;188m@[38;2;201;202;190m@[38;2;194;175;166m@[38;2;208;199;201m@[38;2;157;142;171m@[38;2;162;144;182m@[38;2;131;117;138m@[38;2;206;196;188m@[38;2;143;140;132m@[38;2;175;178;168m@[38;2;163;165;153m@[38;2;164;148;150m@[38;2;140;122;140mZ[38;2;100;83;103mR[38;2;108;92;110mZ[38;2;147;130;131m@[38;2;178;181;169m@[38;2;201;210;198m@[38;2;199;206;193m@[38;2;104;106;93m@[38;2;174;180;165m@[38;2;128;133;120m@[38;2;137;142;127m@[38;2;118;120;113m@[38;2;94;97;93m~           [39m
 [38;2;0;0;0m           [38;2;127;132;127m@[38;2;107;111;104mW[38;2;201;208;197m@[38;2;203;207;197m@[38;2;168;149;140m@[38;2;244;221;212m@[38;2;253;233;222m@[38;2;254;237;227m@[38;2;254;243;231m@[38;2;254;245;232m@@@[38;2;250;241;228m@[38;2;248;237;229m@[38;2;212;197;203m@[38;2;212;195;205m@[38;2;211;197;200m@[38;2;167;164;155m@[38;2;203;209;198m@@[38;2;195;201;189m@[38;2;119;124;110m@[38;2;129;134;117m@[38;2;142;149;131m@[38;2;114;116;101mF[38;2;145;150;136m@[38;2;106;113;106mL           [39m
 [38;2;0;0;0m          [38;2;136;139;131m_[38;2;137;142;136my[38;2;166;170;160m@[38;2;203;209;199m@[38;2;203;209;198m@[38;2;178;185;171m@[38;2;112;113;99m@[38;2;148;142;128m@[38;2;162;153;139m@[38;2;182;165;156m@[38;2;212;194;184m@[38;2;221;200;188mR[38;2;212;189;181m@[38;2;223;208;197m@[38;2;217;200;189m@[38;2;230;212;202mR[38;2;209;189;180m@[38;2;179;164;153m@[38;2;177;177;165m@[38;2;203;209;197m@[38;2;203;209;198m@[38;2;188;194;182m@[38;2;111;114;102m@[38;2;141;149;130m@[38;2;142;149;131m@[38;2;107;111;99mL[38;2;102;110;106m4[38;2;138;141;134m@           [39m
 [38;2;0;0;0m         [38;2;48;48;45m`[38;2;138;140;130m~[38;2;113;116;107mZ[38;2;152;158;145m@[38;2;132;117;114m@[38;2;156;130;131m@[38;2;132;119;114m@[38;2;129;134;117m@[38;2;141;149;130m@[38;2;134;133;121m@[38;2;156;141;140m@[38;2;132;119;108m@[38;2;199;183;175m@[38;2;221;205;199m@[38;2;198;187;175m@[38;2;153;138;135m@[38;2;221;213;212m@[38;2;123;116;110m@[38;2;131;136;120m@[38;2;153;147;140m@[38;2;177;168;163m@[38;2;174;166;161m@[38;2;132;133;123m@[38;2;128;133;117m@[38;2;141;149;130m@[38;2;142;150;131m@[38;2;165;172;156m@[38;2;122;124;113m@[38;2;69;79;82m~           [39m
 [38;2;0;0;0m          [38;2;111;116;111ma[38;2;201;208;196m@[38;2;182;188;175m@[38;2;138;145;130m@[38;2;135;139;127m@[38;2;116;121;107m@[38;2;132;134;118m@[38;2;173;165;159m@[38;2;206;195;195m@[38;2;183;168;161m@[38;2;176;175;147m$[38;2;167;167;139m@[38;2;152;147;122m@[38;2;204;207;173m@[38;2;158;147;143m@[38;2;188;178;176m@[38;2;232;226;224m@[38;2;140;135;130m@[38;2;144;147;136m@[38;2;198;205;192m@[38;2;138;141;128m@[38;2;132;137;121m@[38;2;143;148;130m@[38;2;142;149;130m@[38;2;144;151;133m@[38;2;161;167;155m@[38;2;112;120;114mM[38;2;123;130;124mF[38;2;89;93;87m^          [39m
 [38;2;0;0;0m          [38;2;82;89;87m"[38;2;150;155;146m4[38;2;201;208;196m@[38;2;151;158;143m@[38;2;139;147;129m@[38;2;161;152;143m@[38;2;205;193;187m@[38;2;163;152;149m@[38;2;157;145;142mg[38;2;175;162;155m@[38;2;209;211;178m@[38;2;213;218;181m@[38;2;207;212;175m@[38;2;215;218;185m@[38;2;170;158;147m@[38;2;235;230;227m@[38;2;187;176;175m@[38;2;221;214;211m@[38;2;178;170;167m@[38;2;131;130;119m@[38;2;131;138;122m@[38;2;141;149;130m@@[38;2;144;152;133m@[38;2;184;190;178m@[38;2;201;206;194m@[38;2;80;87;87m~            [39m
 [38;2;0;0;0m            [38;2;172;174;165m~[38;2;89;94;83m~[38;2;107;112;101mR[38;2;134;136;121m@[38;2;137;141;125m@[38;2;117;120;108mM[38;2;133;119;116m@[38;2;148;141;123m@[38;2;212;219;179m@[38;2;205;213;172m@[38;2;207;214;175m@[38;2;213;219;180m@[38;2;158;148;139m@[38;2;230;225;221m@[38;2;214;205;202m@[38;2;123;109;105mM[38;2;166;155;148m@[38;2;192;179;171m@[38;2;133;136;120m@[38;2;141;149;130m@@[38;2;142;147;131m@[38;2;191;197;186m@[38;2;174;179;169m@[38;2;93;100;101mL            [39m
 [38;2;0;0;0m               [38;2;73;79;73m~[38;2;111;118;106m?[38;2;80;78;74m+[38;2;187;180;159m4[38;2;204;204;177m@[38;2;221;223;193m@[38;2;211;215;182m@[38;2;217;219;188m@[38;2;222;225;194m@[38;2;200;198;172m@[38;2;201;197;173m@[38;2;184;183;159m@[38;2;118;112;97m@[38;2;123;126;114m0[38;2;142;149;130m@[38;2;147;155;137m@[38;2;141;148;137m@[38;2;92;99;92mF[38;2;59;67;64m~               [39m
 [38;2;0;0;0m                    [38;2;198;172;169m_[38;2;77;66;66m$[38;2;107;86;83m;[38;2;69;54;40m`[38;2;76;69;69m=[38;2;189;173;166m_[38;2;54;42;41m` [38;2;119;123;109m~[38;2;105;110;96m~[38;2;60;66;58m`                  [39m
 [38;2;0;0;0m                    [38;2;93;65;63m4[38;2;89;66;64m#[38;2;67;39;37m' [38;2;106;78;73m$[38;2;97;70;65m#                       [39m
 [38;2;0;0;0m                                                 [39m
 [38;2;0;0;0m                                                 [39m
 [38;2;0;0;0m                                                 [39m
[?25h