[?25l[39m [38;2;0;0;0m                                                 [39m
 [38;2;0;0;0m                                                 [39m
 [38;2;0;0;0m                  [38;2;91;61;71m_[38;2;189;144;147m_[38;2;134;104;114my[38;2;151;117;125my[38;2;160;124;129my[38;2;171;135;139my[38;2;169;134;139my[38;2;159;127;132my[38;2;143;112;120my[38;2;202;155;159m_[38;2;126;82;92m_                    [39m
 [38;2;0;0;0m               [38;2;136;87;98m_[38;2;159;118;124mg[38;2;181;136;141m@[38;2;210;169;169m@[38;2;211;170;170m@@@@@@@@@[38;2;210;169;170m@[38;2;204;162;163m@[38;2;202;157;160mg[38;2;157;123;128my[38;2;87;58;69m_                [39m
 [38;2;0;0;0m              [38;2;197;168;164mg[38;2;228;209;200m@[38;2;236;221;209m@[38;2;222;202;193m@[38;2;233;217;205m@[38;2;225;206;195m@[38;2;230;206;198m@[38;2;226;199;192m@[38;2;221;190;185m@[38;2;216;183;178m@[38;2;212;175;173m@[38;2;211;171;171m@[38;2;210;168;169m@[38;2;187;143;145m@[38;2;211;169;170m@[38;2;209;169;169m@[38;2;199;157;159m@[38;2;209;169;169m@[38;2;192;150;152m@[38;2;155;117;122mg               [39m
 [38;2;0;0;0m            [38;2;108;100;118my[38;2;146;103;109m$[38;2;216;187;180m@[38;2;215;180;178m@[38;2;174;132;136m@[38;2;197;154;159m@[38;2;181;130;139m@[38;2;187;142;145m@[38;2;187;144;146m@[38;2;212;172;171m@[38;2;212;174;173m@[38;2;214;177;175m@[38;2;214;178;176m@[38;2;216;179;176m@[38;2;217;181;177m@[38;2;214;176;174m@[38;2;165;120;126m@[38;2;209;168;169m@[38;2;193;150;152m@[38;2;191;147;150m@[38;2;210;169;169m@[38;2;175;131;135m@[38;2;153;113;120m$              [39m
 [38;2;0;0;0m         [38;2;123;72;87m_[38;2;131;86;97ma[38;2;96;72;97mw[38;2;123;84;98m@[38;2;183;140;144m@[38;2;209;168;170m@[38;2;167;118;124m@[38;2;189;156;157m@[38;2;246;229;223m@[38;2;187;159;156m@[38;2;170;123;129m@[38;2;176;129;135m@[38;2;193;149;151m@[38;2;181;136;139m@[38;2;211;170;169m@[38;2;211;170;170m@[38;2;195;154;154m@[38;2;211;170;170m@[38;2;203;160;162m@[38;2;172;126;132m@[38;2;171;126;130m@[38;2;210;169;168m@[38;2;159;111;117m@[38;2;210;170;170m@[38;2;202;159;161m@[38;2;178;131;136m@              [39m
 [38;2;0;0;0m         [38;2;115;61;75m([38;2;149;110;116ma[38;2;114;84;98m@[38;2;158;125;133m@[38;2;178;133;138m@[38;2;181;136;141m@[38;2;161;132;132m@[38;2;154;147;145m@[38;2;108;119;131m2[38;2;130;135;148mZ[38;2;150;134;135mB[38;2;235;218;210m@[38;2;231;210;203m@[38;2;227;203;197m@[38;2;231;207;199m@[38;2;222;192;189m@[38;2;171;132;136m@[38;2;201;167;165m@[38;2;198;159;161m@[38;2;180;137;143m@[38;2;146;98;106m@[38;2;208;165;167m@[38;2;150;102;109m@[38;2;209;168;168m@[38;2;209;166;168m@[38;2;142;93;103m@[38;2;90;56;69mL             [39m
 [38;2;0;0;0m         [38;2;120;82;93m_[38;2;192;149;151mg[38;2;172;130;136m@[38;2;134;104;120m@[38;2;119;83;101m@[38;2;163;116;123m@[38;2;185;156;155m@[38;2;198;202;207m@[38;2;137;169;193m@[38;2;151;182;201m@[38;2;157;169;178m@[38;2;253;245;234m@[38;2;254;245;233m@[38;2;254;245;232m@[38;2;254;245;233m@[38;2;167;170;176m@[38;2;90;119;151m$[38;2;86;111;136m$[38;2;128;134;139mW[38;2;162;146;143m@[38;2;152;106;112m@[38;2;179;134;139m@[38;2;155;108;116m@[38;2;210;168;169m@[38;2;205;162;163m@[38;2;126;76;86mP              [39m
 [38;2;0;0;0m         [38;2;173;129;134m4[38;2;197;153;156m@[38;2;163;117;124m@[38;2;148;101;111m@[38;2;103;65;79my[38;2;136;92;102m~[38;2;147;117;119mM[38;2;245;221;213m@[38;2;254;234;225m@[38;2;254;240;229m@[38;2;254;245;232m@@@@@[38;2;234;226;218m@[38;2;197;204;204m@[38;2;189;200;207m@[38;2;206;205;209m@[38;2;233;217;214m@[38;2;158;109;116m@[38;2;133;81;89m@[38;2;194;150;154m@[38;2;212;169;170m@[38;2;174;128;133mF               [39m
 [38;2;0;0;0m          [38;2;186;139;145m~[38;2;160;122;129mR[38;2;181;137;140m@[38;2;200;157;161m@[38;2;97;66;78mK  [38;2;194;167;160m~[38;2;253;241;227m~[38;2;188;174;166mP[38;2;189;168;161m@[38;2;196;171;162m$[38;2;208;181;173m@[38;2;221;201;192m@[38;2;217;197;188m@[38;2;229;207;197mR[38;2;208;188;181mR[38;2;215;197;191mF[38;2;213;183;178m~[38;2;136;85;95m~[38;2;141;103;109m$[38;2;172;129;136m@[38;2;174;129;135m~                [39m
 [38;2;0;0;0m            [38;2;179;130;137m@[38;2;137;94;103mE[38;2;88;51;68m_   [38;2;152;142;143m_[38;2;144;130;130mg[38;2;185;175;176mE[38;2;147;136;136mM[38;2;137;128;127m#[38;2;137;129;128m4[38;2;194;184;183m@[38;2;216;209;205m@[38;2;178;171;170m_ [38;2;133;94;100ma[38;2;166;117;125m@[38;2;130;99;108my                  [39m
 [38;2;0;0;0m            [38;2;95;54;69m`[38;2;157;111;114m`[38;2;103;55;70m~ [38;2;104;97;101m_[38;2;200;195;192mg[38;2;243;239;235m@[38;2;189;177;174m@[38;2;119;112;116mm[38;2;70;66;77m;[38;2;58;67;93m:[38;2;61;61;76m'[38;2;204;194;190m@[38;2;202;192;189m@[38;2;251;246;243m@[38;2;181;175;176my [38;2;121;76;86m~[38;2;111;76;86m"                  [39m
 [38;2;0;0;0m               [38;2;168;156;151mg[38;2;210;197;193m@[38;2;218;208;205mF[38;2;109;101;106my[38;2;245;240;237m@[38;2;157;133;122m@[38;2;200;170;151m@[38;2;198;169;152m@[38;2;162;142;134m@[38;2;249;246;242m@[38;2;248;243;239m@[38;2;142;128;129m0[38;2;236;229;226m@[38;2;179;169;170m$[38;2;57;55;61m,                   [39m
 [38;2;0;0;0m               [38;2;175;160;151m`[38;2;57;43;43m` [38;2;172;155;148m@[38;2;181;165;161m@[38;2;172;142;128m@[38;2;202;174;156m@@[38;2;164;143;138m@[38;2;239;230;229m@[38;2;219;211;207m@[38;2;182;165;161m@[38;2;89;73;74mM[38;2;156;142;140m@[38;2;189;173;167m@                   [39m
 [38;2;0;0;0m                 [38;2;99;75;70m4[38;2;181;151;137m@[38;2;186;154;136m@[38;2;187;155;139m@[38;2;204;174;156m@[38;2;202;175;156m@[38;2;181;149;133m@[38;2;202;172;154m@[38;2;202;174;156m@[38;2;195;165;149m@[38;2;115;89;81m$                     [39m
 [38;2;0;0;0m                   [38;2;49;24;17m`[38;2;94;83;80m$[38;2;92;81;76m@[38;2;97;78;72mF[38;2;138;107;98m~[38;2;97;87;82m$[38;2;94;85;79m$                       [39m
 [38;2;0;0;0m                    [38;2;73;63;61m~[38;2;67;64;60m7[38;2;51;35;34m' [38;2;85;78;74mT[38;2;82;75;72mF                       [39m
 [38;2;0;0;0m                                                 [39m
 [38;2;0;0;0m                                                 [39m
 [38;2;0;0;0m                                                 [39m
[?25h