[?25l[39m [38;2;0;0;0m                                                 [39m
 [38;2;0;0;0m                  [38;2;240;206;139m_[38;2;145;112;75m_                             [39m
 [38;2;0;0;0m             [38;2;191;156;97m4[38;2;222;200;131m$[38;2;201;174;112mg[38;2;181;126;68m_[38;2;199;160;100m@[38;2;250;225;155m@[38;2;180;134;90m@[38;2;155;100;115my[38;2;186;122;134my[38;2;201;129;140my[38;2;207;132;144my[38;2;203;129;140my[38;2;192;125;136my[38;2;170;109;124my[38;2;239;151;165m_[38;2;143;75;93m_     [38;2;125;85;46m_              [39m
 [38;2;0;0;0m            [38;2;181;117;131my[38;2;229;146;154mg[38;2;228;159;132m@[38;2;216;154;120m@[38;2;189;111;103m@[38;2;208;119;130m@[38;2;244;156;166m@[38;2;254;166;173m@@@@@@@@@[38;2;243;157;156m@[38;2;213;151;115m@[38;2;219;159;127mg[38;2;148;80;77my[38;2;134;59;45m_[38;2;230;199;127mg[38;2;251;229;152m@[38;2;175;138;88mL             [39m
 [38;2;0;0;0m          [38;2;160;97;115my[38;2;239;154;163m@[38;2;254;167;174m@[38;2;237;149;160m@[38;2;219;141;151m@[38;2;245;177;182m@[38;2;254;187;190m@[38;2;253;186;190m@[38;2;253;186;191m@[38;2;252;182;188m@[38;2;253;184;187m@[38;2;253;180;184m@[38;2;253;177;181m@[38;2;254;173;178m@[38;2;254;169;175m@[38;2;254;166;173m@@@[38;2;253;166;173m@[38;2;226;159;129m@[38;2;233;198;131m@[38;2;245;214;145m@[38;2;202;143;99m@[38;2;217;144;131m@[38;2;217;146;132m@[38;2;182;119;126my[38;2;149;78;96m_            [39m
 [38;2;0;0;0m          [38;2;194;105;123m@[38;2;253;166;173m@[38;2;217;133;144m@[38;2;239;168;176m@[38;2;254;183;188m@[38;2;243;162;173m@[38;2;234;154;164m@[38;2;244;164;173m@[38;2;204;114;131m@[38;2;253;177;185m@[38;2;254;179;184m@[38;2;253;179;184m@[38;2;253;180;183m@[38;2;254;180;184m@[38;2;253;180;185m@[38;2;253;178;184m@[38;2;237;156;166m@[38;2;254;172;177m@[38;2;254;169;175m@[38;2;254;167;173m@[38;2;253;166;172m@[38;2;236;148;157m@[38;2;215;119;135m@[38;2;253;165;173m@[38;2;254;166;173m@@[38;2;253;166;172m@[38;2;215;133;145mg[38;2;79;40;57m,          [39m
 [38;2;0;0;0m          [38;2;173;77;103mg[38;2;197;104;122m@[38;2;247;159;170m@[38;2;254;166;176m@[38;2;200;108;127m@[38;2;209;139;152m@[38;2;202;119;133m@[38;2;216;163;168m@[38;2;214;161;164m@[38;2;243;152;164m@[38;2;248;156;167m@[38;2;254;167;172m@[38;2;254;166;173m@@@[38;2;239;151;162m@[38;2;193;116;134m@[38;2;223;129;144m@[38;2;219;132;143m@[38;2;244;151;162m@[38;2;252;163;172m@[38;2;254;167;172m@[38;2;241;152;163m@[38;2;205;105;124m@[38;2;248;155;168m@[38;2;241;144;157m@[38;2;254;166;173m@@[38;2;206;122;136m$          [39m
 [38;2;0;0;0m         [38;2;101;34;60m`[38;2;179;81;104m$[38;2;193;95;118m@[38;2;230;139;152m@[38;2;251;164;172m@[38;2;160;89;101m@[38;2;177;149;143m@[38;2;162;137;136m@[38;2;169;115;120mg[38;2;141;95;97mf[38;2;167;117;120m@[38;2;220;149;156m@[38;2;226;136;152m@[38;2;254;166;173m@[38;2;251;164;170m@[38;2;215;140;149m@[38;2;201;156;157m@[38;2;225;206;194mR[38;2;178;125;131m@[38;2;226;179;183m@[38;2;193;117;133m@[38;2;236;142;157m@[38;2;254;166;174m@[38;2;250;162;172m@[38;2;216;126;142m@[38;2;208;103;124m@[38;2;220;109;131m@[38;2;248;156;166m@[38;2;253;165;172m@[38;2;211;126;141mF          [39m
 [38;2;0;0;0m          [38;2;98;32;50m`[38;2;167;65;94m~[38;2;135;55;78m?[38;2;195;108;126m@[38;2;200;116;131m@[38;2;187;151;152m@[38;2;198;154;153m@[38;2;210;111;121m@[38;2;198;81;97m@[38;2;207;160;153mg[38;2;251;231;222m@[38;2;211;163;162m@[38;2;234;196;191m@[38;2;243;221;211m@[38;2;211;182;178m@[38;2;175;105;113ma[38;2;156;47;60mg[38;2;161;109;115mB[38;2;145;128;124m@[38;2;211;170;169m@[38;2;229;140;154m@[38;2;252;165;172m@[38;2;242;156;164m@[38;2;174;73;96m@[38;2;214;108;131m@[38;2;214;103;128m@[38;2;219;109;132m@[38;2;186;105;125m@[38;2;121;56;78m+          [39m
 [38;2;0;0;0m             [38;2;100;36;61m_[38;2;183;84;108m$[38;2;195;130;133m@[38;2;246;219;208m@[38;2;253;230;217m@[38;2;253;233;220m@[38;2;253;238;223m@[38;2;254;238;223m@@@@[38;2;229;195;186m@[38;2;211;135;139m@[38;2;208;129;134m@[38;2;211;168;166m@[38;2;203;157;160m@[38;2;219;141;149m@[38;2;226;139;154m@[38;2;168;79;99m@[38;2;154;65;87m@[38;2;200;94;120m@[38;2;170;76;102mR[38;2;155;67;93m@[38;2;151;69;91mF            [39m
 [38;2;0;0;0m           [38;2;108;41;66m=[38;2;201;94;122m=[38;2;166;75;99m@[38;2;220;108;130m@[38;2;221;109;130m@[38;2;217;108;128m@[38;2;187;98;114m@[38;2;199;131;137m@[38;2;200;165;159m@[38;2;220;193;180m@[38;2;196;166;154m@[38;2;203;174;163m@[38;2;221;196;184m@[38;2;220;196;184m@[38;2;213;187;176m@[38;2;211;175;168m@[38;2;210;153;156m@[38;2;197;110;125m@[38;2;189;89;109m@[38;2;206;100;120m@[38;2;219;109;130m@[38;2;220;109;133m@[38;2;152;64;90m%               [39m
 [38;2;0;0;0m            [38;2;132;60;83my[38;2;208;103;126m@[38;2;238;139;155m@[38;2;223;113;134m@[38;2;214;104;128m@[38;2;203;98;122m@[38;2;191;107;122m@[38;2;190;161;158m@[38;2;239;227;209m@[38;2;244;233;216m@[38;2;244;231;214m@[38;2;246;235;217m@[38;2;225;208;194m@[38;2;235;223;208m@[38;2;165;109;111m@[38;2;225;118;138m@[38;2;207;97;120m@[38;2;206;97;121m@[38;2;221;108;131m@[38;2;222;108;131m@[38;2;223;114;135m@[38;2;209;107;128m@[38;2;180;97;117m$[38;2;139;81;98my             [39m
 [38;2;0;0;0m            [38;2;208;108;130m@[38;2;244;156;167m@[38;2;234;134;150m@[38;2;221;108;130m@[38;2;184;113;122m@[38;2;206;181;175m@[38;2;249;241;229m@[38;2;179;160;152m@[38;2;253;244;229m@[38;2;252;243;228m@[38;2;253;246;231m@[38;2;253;245;230m@[38;2;245;236;221m@[38;2;198;183;172m@[38;2;253;247;233m@[38;2;194;155;153m@[38;2;188;93;112m@[38;2;192;86;110m@[38;2;221;108;133m@[38;2;220;108;130m@[38;2;226;118;138m@[38;2;233;137;153m@[38;2;157;92;109my[38;2;84;32;54m`             [39m
 [38;2;0;0;0m            [38;2;112;53;73m4[38;2;251;162;172m@[38;2;213;112;131m@[38;2;191;139;140m@[38;2;204;184;174m@[38;2;190;153;149m@[38;2;181;117;123m@[38;2;184;156;103m@[38;2;209;194;115m@[38;2;177;164;117m$[38;2;160;147;107m@[38;2;200;183;118m@[38;2;206;188;125m@[38;2;188;169;106m@[38;2;156;138;120m@[38;2;253;245;231m@[38;2;232;220;207m@[38;2;183;97;109m@[38;2;221;108;130m@[38;2;221;109;132m@[38;2;249;154;167m@[38;2;186;97;115mM[38;2;246;157;169m@              [39m
 [38;2;0;0;0m             [38;2;217;134;149m~[38;2;124;51;72m~[38;2;164;75;98m@[38;2;212;105;125m@[38;2;219;109;129m@[38;2;175;129;102m@[38;2;238;225;141m@[38;2;238;227;141m@[38;2;235;219;134m@[38;2;236;223;135m@[38;2;237;228;140m@[38;2;238;227;140m@[38;2;238;225;139m@[38;2;201;173;106m@[38;2;148;84;88m@[38;2;176;148;139m@[38;2;204;176;170m@[38;2;200;101;118m@[38;2;221;113;133m@[38;2;198;118;132m@ [38;2;179;105;123mF              [39m
 [38;2;0;0;0m                [38;2;174;80;102m~[38;2;177;79;104m4[38;2;136;55;76mF[38;2;132;98;92mA[38;2;217;193;167m@[38;2;206;182;151m@[38;2;173;143;112m@[38;2;186;159;127m@[38;2;208;181;151m@[38;2;215;186;163m@[38;2;130;76;79m@[38;2;199;94;118m@[38;2;220;109;132m@[38;2;200;94;118m@[38;2;195;91;116mP[38;2;206;105;123m~                 [39m
 [38;2;0;0;0m                    [38;2;238;224;215m@[38;2;252;241;229m@[38;2;145;124;123m@[38;2;167;148;143m4[38;2;253;239;225m@[38;2;252;236;224m@[38;2;110;77;86mM[38;2;197;94;120m~[38;2;166;72;97m`                    [39m
 [38;2;0;0;0m                    [38;2;162;153;156m*[38;2;139;133;137m*[38;2;32;14;18m' [38;2;143;137;139my[38;2;97;90;94mW                       [39m
 [38;2;0;0;0m                                                 [39m
 [38;2;0;0;0m                                                 [39m
 [38;2;0;0;0m                                                 [39m
[?25h