[?25l[39m [38;2;0;0;0m                                                 [39m
 [38;2;0;0;0m                                                 [39m
 [38;2;0;0;0m                   [38;2;202;125;151m_[38;2;152;100;126my[38;2;182;125;154my[38;2;195;136;165my[38;2;199;135;166my[38;2;198;137;168my[38;2;186;129;160my[38;2;165;111;138my[38;2;233;162;192m_[38;2;141;70;93m_                    [39m
 [38;2;0;0;0m               [38;2;208;157;170m_[38;2;190;148;166mg[38;2;217;173;191m$[38;2;245;194;217m@[38;2;246;193;220m@[38;2;247;191;220m@[38;2;246;190;218m@[38;2;246;185;217m@[38;2;243;181;213m@[38;2;244;180;213m@[38;2;241;175;209m@[38;2;243;176;210m@[38;2;243;181;213m@[38;2;244;179;213m@[38;2;237;168;201m@[38;2;231;162;193mg[38;2;181;121;147my[38;2;91;41;61m,                [39m
 [38;2;0;0;0m             [38;2;149;111;132my[38;2;244;208;224mg[38;2;254;224;238m@[38;2;253;221;237m@[38;2;234;189;210m@[38;2;245;201;223m@[38;2;249;211;229m@[38;2;250;210;229m@[38;2;251;207;228m@[38;2;250;204;228m@[38;2;250;202;226m@[38;2;249;199;225m@[38;2;248;195;223m@[38;2;248;190;221m@[38;2;244;185;217m@[38;2;244;182;216m@[38;2;244;180;214m@[38;2;244;180;213m@@[38;2;242;175;209m@[38;2;178;114;142mg               [39m
 [38;2;0;0;0m            [38;2;183;118;150mg[38;2;244;179;213m@[38;2;242;177;210m@[38;2;243;177;210m@[38;2;204;128;161m@[38;2;202;129;159m@[38;2;226;159;190m@[38;2;207;138;168m@[38;2;244;180;213m@@@@[38;2;245;180;213m@[38;2;239;170;204m@[38;2;230;159;193m@[38;2;216;146;179m@[38;2;242;176;209m@[38;2;238;168;203m@[38;2;244;180;213m@[38;2;244;181;213m@[38;2;243;181;213m@[38;2;244;180;212m@[38;2;197;128;161m@              [39m
 [38;2;0;0;0m         [38;2;210;134;166m_[38;2;172;123;148my[38;2;223;158;188mg[38;2;244;180;212m@[38;2;244;180;213m@[38;2;232;150;192m@[38;2;203;139;163m@[38;2;242;212;212m@[38;2;224;177;193m@[38;2;201;155;166m@[38;2;220;154;185m@[38;2;243;178;211m@[38;2;244;180;213m@@[38;2;233;160;196m@[38;2;228;158;189m@[38;2;181;103;133m@[38;2;203;139;162m@[38;2;204;147;166m@[38;2;235;165;199m@[38;2;180;93;129m@[38;2;244;176;211m@[38;2;244;180;213m@@@[38;2;244;179;212m@[38;2;154;84;115m$             [39m
 [38;2;0;0;0m         [38;2;138;68;96m~[38;2;215;130;166m~[38;2;191;116;149m$[38;2;244;180;213m@[38;2;245;179;213m@[38;2;167;83;117m@[38;2;161;125;127m@[38;2;174;153;155m@[38;2;227;198;216mg[38;2;156;77;126m$[38;2;176;126;143m@[38;2;253;241;232m@[38;2;254;240;232m@[38;2;250;232;226m@[38;2;244;221;219m@[38;2;228;202;200m@[38;2;174;141;142m@[38;2;187;170;166m@[38;2;198;180;171m@[38;2;238;207;210m@[38;2;204;159;168m@[38;2;234;163;199m@[38;2;244;180;213m@@[38;2;244;179;213m@[38;2;241;176;208m@[38;2;213;134;170m@[38;2;101;47;77m_            [39m
 [38;2;0;0;0m           [38;2;199;126;159m@[38;2;235;161;198m@[38;2;245;180;213m@[38;2;179;109;133m@[38;2;191;157;154m@[38;2;225;193;211m@[38;2;220;145;195m@[38;2;215;150;195m@[38;2;196;134;173m@[38;2;254;244;234m@[38;2;254;245;232m@@@[38;2;212;169;190m@[38;2;223;164;206m@[38;2;184;80;152m@[38;2;192;124;169m@[38;2;161;143;145m@[38;2;166;131;133m@[38;2;228;160;192m@[38;2;245;180;213m@[38;2;240;173;207m@[38;2;244;180;212m@[38;2;189;108;143m@[38;2;200;114;153m@[38;2;186;122;154mP[38;2;167;101;130m=           [39m
 [38;2;0;0;0m           [38;2;125;59;92m~[38;2;191;100;141m@[38;2;235;165;200m@[38;2;206;136;167m@[38;2;171;115;125m@[38;2;245;223;215m@[38;2;254;236;228m@[38;2;254;241;229m@[38;2;253;244;230m@[38;2;254;245;232m@@@@[38;2;237;214;215m@[38;2;225;182;203m@[38;2;226;182;204m@[38;2;226;191;206m@[38;2;247;232;227m@[38;2;203;153;167m@[38;2;242;178;213m@[38;2;235;164;198m@[38;2;231;157;193m@[38;2;243;175;208m@[38;2;170;79;118m@[38;2;178;86;126mF             [39m
 [38;2;0;0;0m             [38;2;174;86;121m~[38;2;165;106;134mF[38;2;167;93;126mR[38;2;150;72;97m~[38;2;201;173;167m~[38;2;253;241;229m~[38;2;206;164;168mB[38;2;212;169;174m@[38;2;221;197;189mR[38;2;208;181;175m@[38;2;221;201;192m@[38;2;220;198;192m@[38;2;233;209;202mR[38;2;213;171;171m@[38;2;192;146;150m@[38;2;163;103;118m@[38;2;230;167;198m@[38;2;197;125;157m@[38;2;208;118;159m@[38;2;218;129;169m@[38;2;178;91;129mF[38;2;91;24;49m^              [39m
 [38;2;0;0;0m                  [38;2;148;57;98m_[38;2;203;54;113m@[38;2;140;76;97mD[38;2;182;174;117m@[38;2;219;210;149m@[38;2;177;164;123m@[38;2;196;65;122m$[38;2;199;49;106m@[38;2;182;46;95mB[38;2;99;31;60mr[38;2;220;151;183m~[38;2;155;87;114m`[38;2;167;73;112m~[38;2;163;68;107m~                 [39m
 [38;2;0;0;0m                [38;2;167;67;120my[38;2;206;84;142m@[38;2;193;75;132m@[38;2;205;78;141m@[38;2;58;83;107m$[38;2;62;110;135m@[38;2;67;112;135m@[38;2;56;98;124m@[38;2;164;48;93m5[38;2;184;65;120m$[38;2;240;94;169m@[38;2;208;81;146m@[38;2;151;57;102m_                    [39m
 [38;2;0;0;0m               [38;2;186;164;165my[38;2;197;95;143m@[38;2;168;59;112m@[38;2;238;105;174m@[38;2;187;115;153m@[38;2;50;93;122m$[38;2;44;96;127m@[38;2;45;97;126m@[38;2;45;98;126m@[38;2;139;123;147mM[38;2;221;125;173m@[38;2;191;70;129m@[38;2;243;93;169m@[38;2;234;90;165m@[38;2;157;70;116my                   [39m
 [38;2;0;0;0m               [38;2;181;157;153m`[38;2;55;44;46m`[38;2;170;67;116ma[38;2;242;148;199m@[38;2;152;109;137m@[38;2;77;123;148m@[38;2;48;102;134m@[38;2;50;103;133m@[38;2;71;121;149m@[38;2;65;80;106mE[38;2;233;158;198m@[38;2;240;116;181m@[38;2;180;66;123m@[38;2;147;91;111m@[38;2;186;157;158m@                   [39m
 [38;2;0;0;0m                 [38;2;123;51;89m?[38;2;188;76;137mF[38;2;136;90;115mM[38;2;166;159;167m@[38;2;161;157;163m@[38;2;123;101;104me[38;2;121;116;123m$[38;2;122;118;130m$[38;2;188;74;131m@[38;2;204;77;142m@[38;2;186;74;127mP                     [39m
 [38;2;0;0;0m                    [38;2;239;228;217m@[38;2;254;244;231m@[38;2;132;121;118m@[38;2;165;155;150m4[38;2;253;244;231m@[38;2;252;243;230m@[38;2;63;62;65mL                      [39m
 [38;2;0;0;0m                    [38;2;124;136;142m#[38;2;163;125;157m#[38;2;87;45;72m^ [38;2;193;184;196m@[38;2;198;129;166m@                       [39m
 [38;2;0;0;0m                                                 [39m
 [38;2;0;0;0m                                                 [39m
 [38;2;0;0;0m                                                 [39m
[?25h