[?25l[39m [38;2;0;0;0m                                                 [39m
 [38;2;0;0;0m                                                 [39m
 [38;2;0;0;0m                   [38;2;105;86;93m_[38;2;83;71;80my[38;2;97;83;92my[38;2;106;90;99my[38;2;94;78;86mg[38;2;107;92;100my[38;2;101;88;97my[38;2;96;83;94my[38;2;83;74;82my[38;2;110;88;98m_                    [39m
 [38;2;0;0;0m                [38;2;103;87;97my[38;2;127;111;120mg[38;2;125;108;117m@[38;2;127;111;119m@[38;2;126;111;120m@@@[38;2;125;110;119m@[38;2;124;109;118m@@[38;2;123;108;117m@@[38;2;124;109;118m@[38;2;124;108;118m@[38;2;109;94;103m$[38;2;102;85;94my[38;2;61;42;51m,                [39m
 [38;2;0;0;0m              [38;2;131;112;121mg[38;2;156;136;148m@[38;2;152;134;146m@[38;2;141;124;136m@[38;2;140;122;135m@[38;2;149;131;144m@[38;2;147;128;141m@[38;2;143;125;138m@[38;2;140;123;134m@[38;2;136;119;128m@[38;2;133;117;127m@[38;2;128;112;121m@[38;2;128;112;122m@[38;2;127;112;121m@[38;2;127;110;120m@[38;2;117;102;111m@[38;2;124;109;118m@@[38;2;123;108;117m@[38;2;94;79;86mg               [39m
 [38;2;0;0;0m             [38;2;135;114;124m$[38;2;147;130;143m@[38;2;121;102;113m@[38;2;114;95;106mB[38;2;123;107;117m@[38;2;129;113;122m@[38;2;125;109;119m@[38;2;121;105;113m@[38;2;116;99;108m@[38;2;123;109;118m@@@[38;2;121;103;111m@[38;2;136;105;115mZ[38;2;121;105;113m@[38;2;123;108;117m@[38;2;124;109;118m@[38;2;99;83;93m@[38;2;99;80;86m@[38;2;111;94;102m@[38;2;124;109;118m@[38;2;103;86;94m@              [39m
 [38;2;0;0;0m            [38;2;104;86;93mg[38;2;124;108;119m@[38;2;123;106;116m@[38;2;92;73;81mT[38;2;106;87;97ma[38;2;123;101;108m@[38;2;97;72;76m@[38;2;117;96;102m@[38;2;112;88;94mg[38;2;123;108;117m@[38;2;124;109;118m@[38;2;118;103;112m@[38;2;125;109;118m@[38;2;118;95;101m@[38;2;246;225;221m@[38;2;209;196;189m@[38;2;111;91;99m@[38;2;116;100;109m@[38;2;120;104;113m@[38;2;79;58;67m^[38;2;109;91;99m$[38;2;124;108;118m@[38;2;124;109;118m@[38;2;90;69;75mL             [39m
 [38;2;0;0;0m            [38;2;114;96;104m@[38;2;124;109;119m@[38;2;113;94;103m@[38;2;150;114;117m=[38;2;152;132;130m@[38;2;155;136;130m~[38;2;159;141;134m5[38;2;188;170;164m@[38;2;168;149;149m@[38;2;180;161;161m@[38;2;113;84;90m@[38;2;123;105;109m@[38;2;180;163;159m@[38;2;246;235;223m@[38;2;236;227;214m@[38;2;245;237;224m@[38;2;173;158;151m@[38;2;102;84;94m@[38;2;125;108;116m@[38;2;90;71;78mM[38;2;93;76;84mM[38;2;119;103;112m@[38;2;116;100;108m@[38;2;96;76;81mF             [39m
 [38;2;0;0;0m            [38;2;92;72;79m5[38;2;124;109;118m@[38;2;115;98;105m@[38;2;206;183;176mg[38;2;202;196;194m@[38;2;135;106;109m@[38;2;167;138;141m@[38;2;165;155;154m@[38;2;253;244;232m@[38;2;252;242;229m@[38;2;254;245;233m@[38;2;253;245;233m@[38;2;170;159;154m@[38;2;104;75;78ma[38;2;116;96;97mg[38;2;172;166;165ma[38;2;144;126;126m@[38;2;102;82;92m$[38;2;120;102;111m@[38;2;205;161;170ma[38;2;156;126;129m$[38;2;104;86;94m4[38;2;102;84;92m@[38;2;54;30;36m'             [39m
 [38;2;0;0;0m            [38;2;61;39;43m`[38;2;100;80;88m@[38;2;124;109;117m@[38;2;153;125;124mM[38;2;244;219;210m@[38;2;253;232;221m@[38;2;253;238;227m@[38;2;254;243;231m@[38;2;254;245;232m@@@@[38;2;242;232;224m@[38;2;192;169;166m@[38;2;196;168;168m@[38;2;209;198;193m@[38;2;195;176;175m@[38;2;113;96;104m@[38;2;111;84;93m@[38;2;216;162;177m@[38;2;165;123;128mF[38;2;72;54;62m:[38;2;109;92;98m$              [39m
 [38;2;0;0;0m              [38;2;92;77;85m?[38;2;104;84;91m@[38;2;77;44;51m'[38;2;196;168;162m~[38;2;191;173;165m7[38;2;180;159;151m#[38;2;207;190;181mR[38;2;219;196;187mR[38;2;208;181;173m@[38;2;220;200;190m@[38;2;217;197;187m@[38;2;230;205;195mR[38;2;215;186;179mR[38;2;222;191;186mF[38;2;118;91;97m9[38;2;102;82;89m@[38;2;84;60;65my[38;2;101;78;79mu[38;2;78;54;58m)[38;2;86;65;70m4[38;2;86;64;70m^              [39m
 [38;2;0;0;0m               [38;2;47;25;30m`[38;2;51;33;37m' [38;2;142;116;128my[38;2;205;158;167mg[38;2;230;183;191m@[38;2;229;182;190m@[38;2;205;163;173m@[38;2;217;173;184m@[38;2;225;182;190m@[38;2;189;158;162m@[38;2;114;83;88my[38;2;97;72;75m=[38;2;109;89;97m~ [38;2;77;54;57m"[38;2;46;17;18m`[38;2;37;9;12m`                [39m
 [38;2;0;0;0m                [38;2;133;105;110m_[38;2;204;166;170mg[38;2;239;198;201m@[38;2;156;122;125mM[38;2;208;166;173mR[38;2;215;172;180m@[38;2;233;192;197m@[38;2;225;180;186m@[38;2;228;184;191m@[38;2;175;135;140mR[38;2;239;196;201m@[38;2;171;144;148my                     [39m
 [38;2;0;0;0m               [38;2;169;156;152mg[38;2;201;170;172m@[38;2;178;141;147mM[38;2;96;69;72m^[38;2;69;70;69mx[38;2;73;73;73ma[38;2;68;68;68m;[38;2;70;69;70mT[38;2;71;71;71mRy[38;2;68;69;69m-[38;2;158;124;124m~[38;2;240;199;203m@[38;2;207;168;172m$                    [39m
 [38;2;0;0;0m               [38;2;180;160;151m`[38;2;59;45;43m`[38;2;72;65;65m=[38;2;75;74;74m@[38;2;69;70;69mM[38;2;74;74;74mg[38;2;73;72;72m$[38;2;74;74;74mgg[38;2;71;71;71m$[38;2;69;69;68mN[38;2;74;74;75m@[38;2;91;65;68m~[38;2;157;132;130m@[38;2;189;173;166m@                   [39m
 [38;2;0;0;0m                  [38;2;60;44;44m`[38;2;109;94;101mq[38;2;176;154;155m@[38;2;162;142;142m@[38;2;114;94;98m@[38;2;177;152;151my[38;2;168;144;146m@[38;2;209;179;183m$[38;2;85;69;73mL                      [39m
 [38;2;0;0;0m                    [38;2;239;228;218m@[38;2;253;245;232m@[38;2;130;122;119m@[38;2;165;151;145m4[38;2;254;243;231m@[38;2;253;243;231m@[38;2;64;63;67mL                      [39m
 [38;2;0;0;0m                    [38;2;115;105;101m4[38;2;124;118;115m#[38;2;84;78;78m^ [38;2;163;154;151m@[38;2;179;173;165mP                       [39m
 [38;2;0;0;0m                                                 [39m
 [38;2;0;0;0m                                                 [39m
 [38;2;0;0;0m                                                 [39m
[?25h