[?25l[39m [38;2;0;0;0m                                                 [39m
 [38;2;0;0;0m                                                 [39m
 [38;2;0;0;0m                 [38;2;97;49;48m=[38;2;165;86;66mg[38;2;197;121;88ma[38;2;218;141;94mg[38;2;234;156;106mg[38;2;216;139;95m@[38;2;229;149;101m@[38;2;229;147;100m@[38;2;231;152;105m@[38;2;222;144;99m@[38;2;225;146;99mg[38;2;168;105;77my[38;2;232;151;106m_[38;2;152;85;62m_                  [39m
 [38;2;0;0;0m              [38;2;123;75;58m_[38;2;187;135;105my[38;2;229;159;114mg[38;2;231;154;106m@[38;2;237;161;108m@[38;2;237;160;107m@[38;2;231;151;102m@[38;2;223;134;92m@[38;2;227;141;97m@[38;2;233;149;102m@[38;2;234;153;103m@[38;2;237;159;105m@[38;2;238;160;107m@[38;2;237;159;106m@[38;2;237;159;105m@@[38;2;237;159;106m@[38;2;206;132;94m@[38;2;149;90;73my                [39m
 [38;2;0;0;0m             [38;2;175;120;96mg[38;2;237;181;141m@[38;2;243;189;146m@[38;2;242;188;144m@[38;2;240;184;140m@[38;2;231;171;129m@[38;2;241;182;136m@[38;2;242;181;133m@[38;2;226;148;107m@[38;2;235;159;115m@[38;2;239;168;122m@[38;2;239;171;122m@[38;2;238;170;119m@[38;2;242;191;136m@[38;2;238;163;113m@[38;2;237;161;111m@[38;2;237;160;110m@[38;2;237;160;109m@[38;2;237;160;107m@[38;2;237;160;106m@[38;2;215;136;96m@[38;2;142;68;56mr              [39m
 [38;2;0;0;0m            [38;2;120;63;53m4[38;2;229;171;131m@[38;2;241;177;131m@[38;2;239;169;120m@[38;2;222;146;102m@[38;2;221;143;98m@[38;2;237;159;105m@[38;2;236;158;107m@[38;2;223;138;96m@[38;2;237;159;107m@[38;2;230;144;97m@[38;2;229;144;99m@[38;2;237;158;106m@[38;2;243;195;137m@[38;2;239;194;138m@[38;2;228;144;99m@[38;2;236;159;106m@[38;2;237;160;106m@[38;2;237;159;106m@[38;2;232;152;101m@[38;2;237;159;105m@[38;2;236;160;105m@[38;2;216;138;95m@[38;2;82;45;41m,             [39m
 [38;2;0;0;0m            [38;2;161;103;81mg[38;2;236;161;110m@[38;2;237;159;105m@[38;2;218;139;94m@[38;2;199;125;96m@[38;2;203;122;90m@[38;2;215;141;107m@[38;2;229;185;169m@[38;2;214;136;98m@[38;2;237;159;104m@[38;2;237;159;105m@[38;2;236;161;106m@[38;2;245;201;141m@[38;2;240;190;134m@[38;2;214;160;137m@[38;2;230;191;177m@[38;2;210;139;103m@[38;2;236;159;106m@[38;2;237;159;105m@[38;2;234;153;104m@[38;2;227;140;96m@[38;2;237;159;104m@[38;2;237;159;106m@[38;2;153;89;65mL             [39m
 [38;2;0;0;0m           [38;2;153;85;66ma[38;2;203;120;83m@[38;2;236;156;105m@[38;2;237;159;106m@[38;2;167;99;77m@[38;2;167;143;134m@[38;2;144;104;90m5[38;2;188;168;155mA[38;2;198;170;159m@[38;2;210;135;97m@[38;2;238;160;107m@[38;2;236;168;116m@[38;2;230;165;115m@[38;2;212;141;104m@[38;2;216;170;152m@[38;2;243;218;205m@[38;2;252;235;219m@[38;2;252;233;220m@[38;2;203;140;116m@[38;2;237;159;106m@[38;2;238;159;105m@[38;2;214;118;80m@[38;2;238;158;106m@[38;2;234;154;106m@[38;2;103;60;52m^             [39m
 [38;2;0;0;0m            [38;2;101;60;53my[38;2;194;117;83m@[38;2;207;127;92m@[38;2;199;139;114m@[38;2;240;232;222m@[38;2;181;174;131m@[38;2;133;124;62m@[38;2;182;173;143m@[38;2;224;191;173m@[38;2;220;174;154m@[38;2;231;200;187m@[38;2;242;219;204m@[38;2;217;205;193m@[38;2;161;155;124mg[38;2;102;94;41my[38;2;102;92;48mg[38;2;160;148;143m$[38;2;165;129;122mR[38;2;220;142;101m@[38;2;230;151;101m@[38;2;187;117;97m@[38;2;221;142;100m@[38;2;175;96;77mF              [39m
 [38;2;0;0;0m              [38;2;122;72;69m`[38;2;177;154;146m4[38;2;246;228;214m@[38;2;254;238;223m@@@@@@@[38;2;252;239;224m@[38;2;223;211;191m@[38;2;221;207;177m@[38;2;217;204;181m@[38;2;252;239;226m@[38;2;236;214;202m@[38;2;181;128;117m@[38;2;198;127;97m@[38;2;181;124;113mF[38;2;210;139;104m~[38;2;94;50;48m+              [39m
 [38;2;0;0;0m                 [38;2;190;167;158m~[38;2;253;237;223m~[38;2;188;147;137m@[38;2;216;191;174m@[38;2;220;192;180mR[38;2;205;172;161m@[38;2;219;192;180m@[38;2;221;199;185m@[38;2;213;191;175m@[38;2;204;177;164m@[38;2;208;163;149m@[38;2;249;232;216m~[38;2;130;105;101m~[38;2;98;73;72m"[38;2;132;91;83m~                 [39m
 [38;2;0;0;0m                  [38;2;86;78;69my[38;2;80;75;75m=[38;2;168;153;122mZ[38;2;187;177;153m@[38;2;161;136;120m@[38;2;184;168;143m@[38;2;176;164;138m@[38;2;170;164;138mB[38;2;102;94;88mL[38;2;94;43;42m`                     [39m
 [38;2;0;0;0m                [38;2;58;34;8m.[38;2;142;127;77mg[38;2;78;72;71m$[38;2;78;72;72mg[38;2;119;103;74m@[38;2;247;247;211m@[38;2;252;252;208m@[38;2;190;183;158m@[38;2;78;71;70mg[38;2;74;70;71mR[38;2;78;79;79m@[38;2;67;68;72m@[38;2;38;15;17m.                    [39m
 [38;2;0;0;0m               [38;2;174;160;155mg[38;2;245;228;215m@[38;2;172;148;125mF[38;2;97;71;37m"[38;2;89;86;73m@[38;2;164;143;92m@[38;2;251;249;199m@[38;2;252;250;199m@[38;2;217;213;173m@[38;2;77;73;75m@[38;2;81;76;75m@[38;2;75;72;75m~[38;2;149;127;75m@[38;2;162;137;95m@[38;2;58;52;57m,                   [39m
 [38;2;0;0;0m               [38;2;173;157;151m`[38;2;58;50;46m` [38;2;90;87;82mu[38;2;171;156;124m$[38;2;207;192;149m@[38;2;254;254;204m@[38;2;253;254;204m@[38;2;248;246;200m@[38;2;204;194;155my[38;2;201;192;155my[38;2;170;154;121mg[38;2;114;95;91m"[38;2;180;162;154m@[38;2;205;187;177m@                   [39m
 [38;2;0;0;0m                   [38;2;176;93;85ma[38;2;190;110;95m@[38;2;154;112;93mP[38;2;148;121;101mM[38;2;213;143;123m@[38;2;194;120;101m@[38;2;126;102;91m9[38;2;168;101;90m@[38;2;79;36;33m,                     [39m
 [38;2;0;0;0m                   [38;2;39;14;14m`[38;2;214;192;185m_[38;2;224;203;195m_[38;2;106;97;97m_[38;2;168;91;87m~[38;2;98;83;76m_[38;2;108;105;108m4[38;2;64;21;18m`[38;2;40;5;5m'                     [39m
 [38;2;0;0;0m                    [38;2;111;110;105mR[38;2;115;125;124mR[38;2;69;61;63m' [38;2;172;173;162m@[38;2;130;130;127m@                       [39m
 [38;2;0;0;0m                                                 [39m
 [38;2;0;0;0m                                                 [39m
 [38;2;0;0;0m                                                 [39m
[?25h