[?25l[39m [38;2;0;0;0m                                                 [39m
 [38;2;0;0;0m                                                 [39m
 [38;2;0;0;0m                   [38;2;85;85;106m_[38;2;64;68;86my[38;2;76;78;96my[38;2;82;85;101my[38;2;71;74;93mg[38;2;70;73;92mg[38;2;74;78;94my[38;2;51;56;77my[38;2;94;97;109m_[38;2;66;69;89m_                    [39m
 [38;2;0;0;0m               [38;2;85;89;109m_[38;2;97;101;117mg[38;2;119;122;136m$[38;2;139;142;150m@[38;2;137;141;148m@[38;2;131;134;143m@[38;2;125;128;137m@[38;2;117;118;129m@[38;2;108;109;122m@[38;2;98;99;112m@[38;2;97;98;111m@[38;2;95;97;109m@[38;2;95;97;110m@[38;2;98;99;112m@[38;2;98;98;112m@[38;2;94;93;109mg[38;2;67;73;91my                 [39m
 [38;2;0;0;0m              [38;2;73;77;95mg[38;2;124;127;138m@[38;2;125;127;138m@[38;2;122;124;135m@[38;2;106;108;122m@[38;2;109;112;124m@[38;2;120;122;132m@[38;2;121;123;133m@[38;2;121;123;132m@[38;2;121;122;133m@[38;2;120;121;133m@[38;2;118;119;133m@[38;2;110;111;124m@[38;2;101;99;116m@[38;2;109;98;128m@[38;2;110;101;132m@[38;2;99;92;121m@[38;2;99;100;112m@[38;2;97;97;112m@[38;2;71;75;94my               [39m
 [38;2;0;0;0m             [38;2;48;51;78m:[38;2;90;90;107m$[38;2;99;99;113m@[38;2;87;88;104m@[38;2;81;84;102mg[38;2;98;100;114m@[38;2;99;100;114m@[38;2;97;99;112m@@[38;2;99;100;112m@[38;2;99;100;113m@@[38;2;88;83;101m$[38;2;200;176;182m$[38;2;123;110;128m@[38;2;119;108;139m@[38;2;111;102;135m@[38;2;104;98;127m@[38;2;99;93;101m@[38;2;131;119;99m@[38;2;100;98;108m@[38;2;69;73;93mL              [39m
 [38;2;0;0;0m            [38;2;68;68;92mJ[38;2;70;71;93my[38;2;100;98;112m@[38;2;94;96;111m@[38;2;63;68;95m~[38;2;85;89;121m@[38;2;85;87;118mB[38;2;69;74;108m@[38;2;82;87;118mR[38;2;79;85;112mE[38;2;87;95;127mg[38;2;93;99;122m@[38;2;153;148;156m@[38;2;243;226;216m@[38;2;254;238;225m@[38;2;254;238;224m@[38;2;223;209;201m@[38;2;112;102;103m@[38;2;126;108;86m@[38;2;169;142;91m@[38;2;130;112;85m@[38;2;91;93;105m@[38;2;86;87;105m@              [39m
 [38;2;0;0;0m           [38;2;57;61;86my[38;2;39;48;77m~[38;2;78;75;77m9[38;2;128;118;82m@[38;2;85;78;83mE[38;2;159;142;141m@[38;2;142;102;90mZ[38;2;162;133;130mB[38;2;196;177;174m@[38;2;197;186;182m$[38;2;219;207;203m$[38;2;243;228;218m@[38;2;253;237;223m@[38;2;232;218;206m@[38;2;239;224;211m@[38;2;252;236;221m@[38;2;254;238;223m@[38;2;252;235;222m@[38;2;240;223;205m@[38;2;130;112;88mB[38;2;95;86;83mM[38;2;91;92;106m@[38;2;75;79;98m$[38;2;97;101;124m@              [39m
 [38;2;0;0;0m           [38;2;64;64;94mF [38;2;70;76;103ma[38;2;98;103;125m@[38;2;119;118;133mW[38;2;236;219;208m@[38;2;207;143;65m@[38;2;221;175;81m@[38;2;211;182;151m@[38;2;254;238;223m@@@@[38;2;192;162;147m@[38;2;193;122;59mg[38;2;168;102;69m$[38;2;180;151;132m@[38;2;202;195;193m$[38;2;196;171;164m@[38;2;214;195;191m@[38;2;229;208;201ma[38;2;167;148;144mg[38;2;92;98;126m$[38;2;99;108;143m@[38;2;62;70;106mL             [39m
 [38;2;0;0;0m          [38;2;43;52;87m4[38;2;16;23;63m: [38;2;70;76;108mD[38;2;93;101;131m@[38;2;90;96;128m@[38;2;211;190;189m@[38;2;252;230;218m@[38;2;253;235;222m@[38;2;253;238;225m@[38;2;254;238;223m@@@@[38;2;250;234;218m@[38;2;225;196;142m@[38;2;227;194;128m@[38;2;232;210;184m@[38;2;248;236;226m@[38;2;243;223;214m@[38;2;210;161;170m@[38;2;224;181;182m@[38;2;141;124;132mE[38;2;90;100;141m@[38;2;101;114;163m@[38;2;89;99;147m@             [39m
 [38;2;0;0;0m           [38;2;35;39;83m'[38;2;92;107;159mg[38;2;71;80;120m~[38;2;75;86;124m@[38;2;122;121;122m@[38;2;94;93;94mg[38;2;88;80;106mA[38;2;155;142;148mZ[38;2;181;162;150m@[38;2;211;189;179m@[38;2;197;169;161m@[38;2;208;178;168m@[38;2;220;196;184m@[38;2;218;190;180m@[38;2;206;183;167m@[38;2;213;186;177m@[38;2;194;173;170mM[38;2;108;102;119m@[38;2;131;133;154ma[38;2;125;125;147m@[38;2;60;69;111m@[38;2;72;85;133m@[38;2;71;82;127m@[38;2;117;121;143m@[38;2;100;114;162m@[38;2;75;88;135mL            [39m
 [38;2;0;0;0m           [38;2;90;95;130mg[38;2;50;60;104mF[38;2;55;65;114m$[38;2;67;78;125mW[38;2;101;114;160m@[38;2;101;116;166m@[38;2;69;81;121mM[38;2;103;117;127m@[38;2;157;157;141m@[38;2;184;193;170m@[38;2;191;186;178m@[38;2;136;111;111m@[38;2;191;205;167m@[38;2;175;206;122m@[38;2;144;137;119m@[38;2;175;170;180m@[38;2;77;77;105mR[38;2;57;70;117m@[38;2;60;72;118m@[38;2;57;70;119m@[38;2;61;75;127m@[38;2;99;117;177m@[38;2;55;69;118m@[38;2;84;93;132m@[38;2;102;117;174m@[38;2;101;118;178m@[38;2;64;77;124m,           [39m
 [38;2;0;0;0m           [38;2;59;65;107m5[38;2;49;58;109m,[38;2;52;66;122m#[38;2;56;69;124ma[38;2;71;83;133mM[38;2;98;112;166m@[38;2;59;108;141mg[38;2;52;113;125mB[38;2;66;122;133m@[38;2;114;107;108mM[38;2;79;83;79m@[38;2;81;83;81m@[38;2;83;75;74mM[38;2;172;158;162m@[38;2;198;186;191m@[38;2;250;243;250m@[38;2;196;204;214m@[38;2;87;88;118mB[38;2;61;74;126m@[38;2;79;91;136m@[38;2;57;73;127m@[38;2;90;109;175m@[38;2;71;87;148m@[38;2;47;60;114mb[38;2;85;99;164m4[38;2;103;123;192m@[38;2;81;97;157m@           [39m
 [38;2;0;0;0m            [38;2;45;53;102m`[38;2;24;29;76m'[38;2;98;92;78mw[38;2;168;157;141mg[38;2;186;196;128m@[38;2;152;182;125m@[38;2;71;125;129m@[38;2;79;156;165m@[38;2;195;184;190my[38;2;139;132;134m@[38;2;130;123;126m@[38;2;149;150;149mW[38;2;216;224;227m@[38;2;225;216;222m@[38;2;185;174;179m@[38;2;252;246;249m@[38;2;246;244;228m@[38;2;130;132;118m@[38;2;100;111;153m@[38;2;63;78;134m@[38;2;74;93;158m@[38;2;62;78;139m@[38;2;46;63;115m~ [38;2;66;79;137m4[38;2;73;87;147mE           [39m
 [38;2;0;0;0m            [38;2;37;46;91m^[38;2;63;79;134mF[38;2;71;89;147m5[38;2;63;78;132m$[38;2;52;64;116mH[38;2;55;63;107m$[38;2;71;146;161mR[38;2;51;116;126m@[38;2;234;227;234m@[38;2;246;238;245m@[38;2;252;243;251m@[38;2;137;163;173mM[38;2;55;150;166m@[38;2;86;166;180m@[38;2;93;163;176m@[38;2;93;120;97mM[38;2;140;134;103m@[38;2;182;169;155m@[38;2;98;112;174m@[38;2;67;85;149m@[38;2;36;50;97m~[38;2;19;32;71m'[38;2;32;47;88m^[38;2;38;50;97m?[38;2;55;64;117m`            [39m
 [38;2;0;0;0m               [38;2;65;80;141m~ [38;2;49;61;112m"[38;2;117;137;95m$[38;2;112;103;92mW[38;2;212;193;176m@[38;2;210;192;174m@[38;2;135;116;110m$[38;2;161;143;131m$[38;2;159;147;134m$[38;2;164;153;140m$[38;2;96;97;81mW[38;2;74;87;89mM[38;2;32;43;89m`[38;2;63;79;135m@[38;2;73;93;150mF[38;2;53;72;125m~[38;2;60;72;128m~                [39m
 [38;2;0;0;0m                  [38;2;114;147;90m#[38;2;31;23;20m`[38;2;239;221;208m@[38;2;253;238;224m@[38;2;132;120;118m@[38;2;163;150;144m4[38;2;254;238;223m@[38;2;252;236;222m@[38;2;102;100;85mM[38;2;101;131;80mR                     [39m
 [38;2;0;0;0m                    [38;2;150;143;143m#[38;2;169;170;170m#[38;2;84;81;86mF [38;2;198;193;192m@[38;2;184;177;175m@                       [39m
 [38;2;0;0;0m                                                 [39m
 [38;2;0;0;0m                                                 [39m
 [38;2;0;0;0m                                                 [39m
[?25h