[?25l[39m [38;2;0;0;0m                                                 [39m
 [38;2;0;0;0m                                                 [39m
 [38;2;0;0;0m                  [38;2;196;161;112m_[38;2;170;154;118my[38;2;207;188;145my[38;2;203;181;134mg[38;2;228;203;151mg[38;2;234;210;156mg[38;2;235;208;156mg[38;2;220;194;145mg[38;2;194;172;130mg[38;2;197;179;140my[38;2;250;231;178m_[38;2;153;119;80m_                   [39m
 [38;2;0;0;0m               [38;2;148;131;104my[38;2;228;204;158mg[38;2;243;220;170m@[38;2;254;236;183m@[38;2;250;228;177m@[38;2;249;226;177m@[38;2;252;237;183m@[38;2;253;237;183m@@[38;2;253;236;183m@[38;2;253;234;181m@[38;2;252;235;181m@[38;2;253;237;183m@@@[38;2;239;216;165m@[38;2;216;191;142mg[38;2;218;188;139m_                [39m
 [38;2;0;0;0m              [38;2;231;212;177mg[38;2;253;242;204m@[38;2;248;233;194m@[38;2;253;242;204m@[38;2;253;240;201m@[38;2;246;225;188m@[38;2;253;237;198m@[38;2;244;224;187m@[38;2;253;241;198m@[38;2;253;240;195m@[38;2;253;239;192m@[38;2;253;239;189m@[38;2;253;237;185m@[38;2;253;236;183m@@[38;2;253;235;183m@[38;2;253;233;182m@[38;2;249;223;175m@[38;2;247;218;172m@[38;2;209;178;136m@[38;2;116;77;64m_              [39m
 [38;2;0;0;0m             [38;2;205;142;129mg[38;2;246;219;187m@[38;2;240;198;167m@[38;2;248;220;180m@[38;2;220;179;142m@[38;2;196;146;110m@[38;2;244;221;174m@[38;2;246;218;174m@[38;2;244;209;167m@[38;2;246;217;173m@[38;2;251;232;182m@[38;2;253;232;184m@[38;2;252;232;184m@[38;2;252;232;183m@[38;2;251;230;181m@[38;2;251;227;181m@[38;2;250;226;180m@[38;2;249;222;178m@[38;2;248;219;176m@[38;2;248;213;172m@[38;2;238;187;153m@[38;2;221;149;130m@              [39m
 [38;2;0;0;0m             [38;2;198;105;101m@[38;2;229;151;135m@[38;2;225;166;138m@[38;2;222;186;170m@[38;2;251;237;226m@[38;2;240;223;204m@[38;2;221;182;143m@[38;2;246;210;171m@[38;2;247;212;172m@[38;2;243;203;165m@[38;2;219;173;135m@[38;2;248;212;172m@[38;2;247;213;173m@[38;2;247;212;171m@[38;2;246;210;170m@[38;2;238;188;155m@[38;2;244;202;168m@[38;2;243;197;165m@[38;2;242;193;163m@[38;2;241;188;160m@[38;2;240;184;159m@[38;2;223;138;125m@              [39m
 [38;2;0;0;0m             [38;2;185;101;97m$[38;2;217;132;122m@[38;2;169;115;117m@[38;2;167;144;142m@[38;2;163;134;127mB[38;2;192;166;156m#[38;2;216;178;159m@[38;2;218;156;137m@[38;2;215;136;122m@[38;2;238;175;151m@[38;2;217;168;151m@[38;2;220;180;155m@[38;2;220;171;141m@[38;2;231;170;143m@[38;2;231;163;142m@[38;2;231;155;139m@[38;2;235;163;147m@[38;2;237;167;151m@[38;2;235;164;148m@[38;2;234;161;146m@[38;2;232;156;143m@[38;2;232;149;140m@[38;2;92;30;42m,             [39m
 [38;2;0;0;0m            [38;2;125;40;51mf[38;2;214;125;122m~[38;2;171;89;102m#[38;2;210;169;168m@[38;2;225;201;193m@[38;2;193;133;109m@[38;2;197;140;111m@[38;2;194;158;150m@[38;2;254;244;232m@[38;2;243;223;212m@[38;2;238;207;199m@[38;2;222;182;178m@[38;2;186;151;149m@[38;2;157;100;94m@[38;2;164;88;81mg[38;2;157;90;86m@[38;2;202;105;107m@[38;2;226;137;131m@[38;2;222;131;128m@[38;2;193;93;99m@[38;2;231;149;141m@[38;2;196;90;93m@[38;2;171;90;93m@[38;2;167;79;86m@             [39m
 [38;2;0;0;0m              [38;2;87;30;37m`[38;2;174;143;138m4[38;2;246;232;221m@[38;2;254;244;232m@[38;2;254;245;232m@@@@@@[38;2;245;229;218m@[38;2;226;195;175m@[38;2;225;195;174m@[38;2;232;209;199m@[38;2;205;135;137m@[38;2;213;125;137m@[38;2;219;160;175m@[38;2;212;129;144m@[38;2;201;105;108m@[38;2;114;25;41m`               [39m
 [38;2;0;0;0m                [38;2;63;29;31m`[38;2;149;101;101m7[38;2;161;128;127mM[38;2;186;159;154m#[38;2;204;180;171mR[38;2;219;195;186mR[38;2;205;178;169m@[38;2;220;200;191m@[38;2;217;201;190m@[38;2;232;215;205mR[38;2;207;178;171m@[38;2;197;175;165mP[38;2;159;98;103mP[38;2;140;55;61m#[38;2;135;82;81m~[38;2;107;34;44m~                 [39m
 [38;2;0;0;0m                  [38;2;119;123;133m_[38;2;119;135;153mg[38;2;144;152;163m@[38;2;152;141;142m@[38;2;145;138;140m@[38;2;128;123;125m@[38;2;149;160;173m@[38;2;157;176;193m@[38;2;90;99;109my                      [39m
 [38;2;0;0;0m                [38;2;85;93;103m_[38;2;157;173;183mg[38;2;189;209;222m@[38;2;130;144;156m@[38;2;138;150;162m@[38;2;139;129;131m@[38;2;143;147;151m@[38;2;110;117;127m@[38;2;164;195;212m@[38;2;153;167;181m@[38;2;193;218;229m@[38;2;142;154;164my                     [39m
 [38;2;0;0;0m               [38;2;167;153;146mg[38;2;193;186;186m@[38;2;175;187;200mF[38;2;76;82;92m~[38;2;205;213;219m@[38;2;158;156;162m@[38;2;166;161;163m@[38;2;138;148;151m@[38;2;142;153;159m$[38;2;207;227;238m@[38;2;200;221;235m@[38;2;100;106;116m0[38;2;183;204;214m@[38;2;141;154;167m$[38;2;53;49;60m,                   [39m
 [38;2;0;0;0m               [38;2;179;159;150m`[38;2;60;43;43m` [38;2;121;130;137my[38;2;217;232;237m@[38;2;160;155;158mM[38;2;120;109;111mM[38;2;187;183;185m#[38;2;131;132;136m@[38;2;216;234;242m@[38;2;212;231;240m@[38;2;167;182;196m@[38;2;69;71;79m"[38;2;153;140;137m@[38;2;188;168;161m@                   [39m
 [38;2;0;0;0m                  [38;2;104;98;104m~[38;2;211;221;227m~[38;2;46;44;44m:[38;2;48;43;46m'[38;2;50;37;35m:[38;2;77;71;72mJ[38;2;165;169;174m#[38;2;166;181;189mF[38;2;138;139;148mF[38;2;52;57;68m~                     [39m
 [38;2;0;0;0m                    [38;2;85;77;78my[38;2;84;79;79my[38;2;62;43;42m:[38;2;40;26;28m`[38;2;84;79;80m_[38;2;97;92;91m_                       [39m
 [38;2;0;0;0m                    [38;2;141;104;92m4[38;2;161;125;112mP[38;2;74;61;62m~[38;2;47;32;33m`[38;2;141;107;94m@[38;2;126;93;82m@                       [39m
 [38;2;0;0;0m                                                 [39m
 [38;2;0;0;0m                                                 [39m
 [38;2;0;0;0m                                                 [39m
[?25h