[?25l[39m [38;2;0;0;0m                                                 [39m
 [38;2;0;0;0m                                                 [39m
 [38;2;0;0;0m               [38;2;102;76;50m_ [38;2;150;115;77my [38;2;211;185;144m_[38;2;162;150;124my[38;2;188;178;149my[38;2;203;191;160my[38;2;208;197;164my[38;2;206;196;163my[38;2;195;186;154my[38;2;174;161;132my[38;2;245;227;186m_[38;2;155;122;92m_                    [39m
 [38;2;0;0;0m          [38;2;121;96;66m_[38;2;189;177;145my[38;2;192;156;118ma[38;2;222;191;149mg[38;2;234;209;163m@[38;2;235;216;174m@[38;2;199;167;126m@[38;2;222;197;154m@[38;2;246;233;192m@[38;2;254;246;207m@[38;2;253;245;208m@[38;2;249;238;198m@[38;2;252;244;205m@[38;2;249;236;196m@[38;2;253;244;206m@[38;2;254;246;208m@[38;2;254;247;208m@@[38;2;254;246;207m@[38;2;247;235;197m@[38;2;242;228;191mg[38;2;192;177;146my[38;2;158;120;77m_[38;2;107;86;66mw               [39m
 [38;2;0;0;0m          [38;2;226;202;165m@[38;2;134;105;76mQ[38;2;211;190;154m@[38;2;240;228;186m@[38;2;226;210;181m@[38;2;252;249;234m@[38;2;250;243;225m@[38;2;250;244;221m@[38;2;254;251;231m@[38;2;254;251;229m@[38;2;254;250;227m@[38;2;254;249;222m@[38;2;254;249;220m@[38;2;253;248;216m@[38;2;254;247;212m@[38;2;254;247;209m@@[38;2;254;247;208m@@[38;2;247;233;191m@[38;2;249;237;196m@[38;2;252;243;204m@[38;2;199;164;121m@[38;2;213;189;150m@[38;2;216;198;158m$[38;2;165;138;106my             [39m
 [38;2;0;0;0m          [38;2;217;180;136m@[38;2;217;179;131m@[38;2;250;239;198m@[38;2;207;186;155m@[38;2;254;251;231m@[38;2;243;232;206m@[38;2;244;234;206m@[38;2;253;250;228m@[38;2;253;250;224m@[38;2;253;250;223m@[38;2;229;214;186m@[38;2;254;247;220m@[38;2;254;250;221m@[38;2;253;249;219m@@[38;2;252;242;211m@[38;2;244;233;200m@[38;2;249;238;204m@[38;2;253;245;213m@[38;2;254;248;212m@[38;2;244;224;188m@[38;2;249;234;195m@[38;2;210;184;144m@[38;2;248;233;194m@[38;2;250;238;198m@[38;2;246;227;187m@[38;2;231;206;166m@[38;2;213;195;156mg[38;2;98;75;52m,          [39m
 [38;2;0;0;0m         [38;2;185;131;86m$[38;2;201;160;107m~[38;2;176;143;101mg[38;2;233;218;178m@[38;2;234;216;176m@[38;2;254;243;205m@[38;2;230;194;149m@[38;2;254;247;208m@[38;2;245;233;196m@[38;2;227;206;175m@[38;2;216;185;161m@[38;2;207;172;137m@[38;2;236;215;177m@[38;2;254;247;208m@[38;2;251;241;202m@[38;2;252;242;204m@[38;2;223;202;165m@[38;2;225;195;179m@[38;2;217;196;160m@[38;2;239;214;172m@[38;2;254;247;208m@[38;2;254;246;207m@[38;2;213;188;145m@[38;2;250;239;199m@[38;2;209;166;120m@[38;2;244;227;186m@[38;2;253;240;200m@[38;2;216;180;136m@[38;2;240;215;171m@[38;2;149;120;85m@          [39m
 [38;2;0;0;0m         [38;2;183;115;71m@[38;2;138;85;54my[38;2;234;212;179m@[38;2;235;204;165m@[38;2;229;210;166m@[38;2;237;218;179m@[38;2;156;107;88m@[38;2;163;140;130m$[38;2;181;145;140mZ[38;2;156;120;112m@[38;2;191;157;142m@[38;2;233;204;192m@[38;2;221;200;162m@[38;2;224;200;163m@[38;2;190;152;111m@[38;2;221;197;163m@[38;2;234;215;197m@[38;2;248;236;223m@[38;2;251;239;227m@[38;2;199;160;121m@[38;2;253;244;202m@[38;2;253;245;206m@[38;2;192;146;98m@[38;2;226;166;115m@[38;2;195;140;91m@[38;2;253;243;205m@[38;2;253;245;205m@[38;2;222;186;143m@[38;2;207;167;120m~[38;2;204;175;139m4[38;2;163;144;111my         [39m
 [38;2;0;0;0m         [38;2;195;131;147my[38;2;241;185;191m@[38;2;239;174;162m@[38;2;225;141;112m@[38;2;209;166;133m@[38;2;225;199;168m@[38;2;195;162;153m@[38;2;219;196;195m@[38;2;217;155;161m@[38;2;220;151;162m@[38;2;189;155;155m@[38;2;234;214;199m@[38;2;237;221;204m@[38;2;246;233;218m@[38;2;252;240;227m@[38;2;195;176;173m@[38;2;207;144;152mg[38;2;173;80;92m$[38;2;160;96;103mg[38;2;176;150;139m@[38;2;244;232;193m@[38;2;235;217;178m@[38;2;208;165;142m@[38;2;204;162;125m@[38;2;230;208;167m@[38;2;254;245;209m@[38;2;254;246;208m@[38;2;254;245;207m@[38;2;176;154;122m@[38;2;160;103;58m_[38;2;216;175;129m$         [39m
 [38;2;0;0;0m       [38;2;152;78;101my[38;2;221;141;172m@[38;2;252;178;213m@[38;2;232;134;143m@[38;2;227;122;119m@[38;2;228;123;120m@[38;2;210;134;128m@[38;2;238;188;176m@[38;2;186;124;119m@[38;2;245;221;211m@[38;2;253;235;223m@[38;2;254;240;229m@[38;2;254;245;232m@@@@@[38;2;238;224;215m@[38;2;216;178;177m@[38;2;224;182;182m@[38;2;220;189;184m@[38;2;225;203;184m@[38;2;246;231;196m@[38;2;207;166;143m@[38;2;227;175;188m@[38;2;167;123;113m@[38;2;253;230;209m@[38;2;254;232;210m@[38;2;254;232;211m@@[38;2;247;216;189m@[38;2;175;103;65mP[38;2;148;94;60m`         [39m
 [38;2;0;0;0m       [38;2;192;101;132m4[38;2;252;174;214m@[38;2;246;163;193m@[38;2;230;129;139m@[38;2;231;133;144m@[38;2;224;115;118m@[38;2;208;114;129m@[38;2;252;190;211m@[38;2;227;138;157m@[38;2;130;47;58mF[38;2;195;169;162m~[38;2;253;240;229m~[38;2;188;174;168mP[38;2;207;190;180mR[38;2;192;167;159m@[38;2;202;176;168m@[38;2;220;202;192m@[38;2;216;197;188m@[38;2;228;206;197mR[38;2;208;188;180mR[38;2;215;198;190mF[38;2;182;120;116m@[38;2;249;213;195m@[38;2;126;82;72m~ [38;2;139;85;92m4[38;2;237;167;179m@[38;2;252;194;212m@[38;2;253;197;216m@[38;2;252;193;208m@[38;2;210;116;118m@[38;2;115;52;65m_          [39m
 [38;2;0;0;0m       [38;2;203;82;101m_[38;2;196;119;149my[38;2;232;142;174m@[38;2;240;153;180m@[38;2;252;174;212m@[38;2;236;140;155m@[38;2;217;102;107m@[38;2;214;114;137m@[38;2;232;153;186mF[38;2;167;89;113m~ [38;2;114;90;96my[38;2;152;109;111mg[38;2;154;118;121m@[38;2;154;132;137m@[38;2;182;170;172m@[38;2;166;148;150m@[38;2;151;128;128m@[38;2;168;127;127m@[38;2;148;89;97my[38;2;224;145;178mg[38;2;251;179;209m@[38;2;253;186;215m@[38;2;140;69;89mF [38;2;156;74;97m_[38;2;233;141;170m@[38;2;254;179;219m@[38;2;242;153;176m@[38;2;221;111;117m@[38;2;226;118;118m@[38;2;229;130;142m@[38;2;214;134;168mg[38;2;140;54;76m,        [39m
 [38;2;0;0;0m       [38;2;131;45;66m~[38;2;225;133;163m~[38;2;212;108;129m~[38;2;144;26;45m`[38;2;185;96;123m5[38;2;248;163;194m@[38;2;218;106;114m@[38;2;149;39;52m~[38;2;110;31;36m`[38;2;156;116;118m_[38;2;203;155;154mg[38;2;228;176;176m@[38;2;170;126;124m@[38;2;222;166;169m@[38;2;170;109;119m@[38;2;169;107;120m@[38;2;214;159;162m@[38;2;213;160;160m@[38;2;189;140;138m@[38;2;230;175;175m@[38;2;191;121;132m@[38;2;222;128;158m@[38;2;113;54;78m~ [38;2;204;124;155mg[38;2;250;171;209m@[38;2;240;151;174m@[38;2;228;123;130m@[38;2;227;123;127m@[38;2;233;134;144m@[38;2;227;120;122m@[38;2;194;98;107m@[38;2;192;117;148mF         [39m
 [38;2;0;0;0m          [38;2;157;37;51m~[38;2;207;89;103m~[38;2;164;54;64m~  [38;2;166;145;141mg[38;2;173;130;130m@[38;2;166;125;126m@[38;2;165;122;125m~[38;2;159;117;120m$[38;2;229;174;176m@[38;2;201;141;145m@[38;2;186;124;131m@[38;2;221;164;165m@[38;2;230;177;176m@[38;2;225;173;172m@[38;2;171;123;122m@[38;2;230;171;173m@[38;2;194;143;145m$[38;2;65;42;44m,[38;2;131;49;63m4[38;2;241;153;180m@[38;2;242;154;179m@[38;2;228;119;122m@[38;2;206;98;103m@[38;2;185;88;104mR[38;2;236;151;184m@[38;2;223;128;155m@[38;2;141;57;78mw          [39m
 [38;2;0;0;0m               [38;2;180;162;155m`[38;2;58;45;45m` [38;2;49;38;40m:[38;2;184;141;141m@[38;2;229;175;175m@[38;2;223;164;166m@[38;2;226;168;169m@[38;2;231;176;175m@[38;2;231;176;176m@[38;2;230;176;175m@[38;2;177;124;123m@[38;2;171;128;129m~[38;2;131;100;100m@[38;2;182;160;154m@ [38;2;130;48;64m~[38;2;232;132;145m~[38;2;190;92;98mP[38;2;128;41;55mk[38;2;137;21;35m.             [39m
 [38;2;0;0;0m                  [38;2;54;42;42m:[38;2;131;122;127m4[38;2;170;155;157m@[38;2;147;131;132m@[38;2;172;155;156m@[38;2;173;157;157m@[38;2;160;146;148m@[38;2;142;128;135m@[38;2;93;96;106mK                      [39m
 [38;2;0;0;0m                    [38;2;239;227;216m@[38;2;254;244;232m@[38;2;131;122;120m@[38;2;165;151;146m4[38;2;253;244;231m@[38;2;252;243;231m@[38;2;64;61;65mL                      [39m
 [38;2;0;0;0m                    [38;2;107;83;79m~[38;2;142;115;109m~[38;2;66;53;54m~ [38;2;111;92;85mT[38;2;103;82;76mT                       [39m
 [38;2;0;0;0m                                                 [39m
 [38;2;0;0;0m                                                 [39m
 [38;2;0;0;0m                                                 [39m
[?25h