[?25l[39m [38;2;0;0;0m                                                 [39m
 [38;2;0;0;0m                                                 [39m
 [38;2;0;0;0m                   [38;2;65;71;92m_[38;2;186;194;212m_[38;2;134;146;163my[38;2;158;168;187my[38;2;170;182;195my[38;2;174;185;200my[38;2;169;181;196my[38;2;156;169;185my[38;2;123;135;152my[38;2;165;169;186m_                    [39m
 [38;2;0;0;0m                [38;2;114;125;141my[38;2;172;181;196mg[38;2;186;195;210m@[38;2;219;231;242m@[38;2;213;225;238m@[38;2;204;215;231m@[38;2;204;214;231m@[38;2;211;221;237m@[38;2;218;230;241m@[38;2;219;231;242m@@@[38;2;212;224;236m@[38;2;217;228;240m@[38;2;186;197;209m$[38;2;168;179;194my[38;2;88;96;116m_                [39m
 [38;2;0;0;0m              [38;2;125;130;149my[38;2;193;196;209m@[38;2;234;239;247m@[38;2;238;244;248m@[38;2;224;229;234m@[38;2;212;217;226m@[38;2;233;239;247m@[38;2;233;240;247m@[38;2;230;238;247m@[38;2;229;237;246m@[38;2;224;233;244m@[38;2;224;235;244m@[38;2;221;233;243m@[38;2;220;232;243m@[38;2;220;231;242m@[38;2;196;206;224m@[38;2;212;224;237m@[38;2;219;231;243m@[38;2;217;227;241m@[38;2;152;160;177mg               [39m
 [38;2;0;0;0m             [38;2;126;131;148my[38;2;228;233;243m@[38;2;215;219;233m@[38;2;232;238;247m@[38;2;212;219;230m@[38;2;206;215;226m@[38;2;219;229;242m@[38;2;175;182;199m@[38;2;218;230;242m@[38;2;219;231;241m@[38;2;180;178;196m@[38;2;177;177;194m@[38;2;219;231;242m@@[38;2;206;218;231m@[38;2;219;231;243m@@[38;2;179;188;201m@[38;2;219;231;242m@@[38;2;198;207;221m@[38;2;146;153;172m$              [39m
 [38;2;0;0;0m             [38;2;174;180;198m@[38;2;194;205;223m@[38;2;219;230;243m@[38;2;219;230;241m@[38;2;186;195;209m@[38;2;200;209;224m@[38;2;185;175;186m@[38;2;183;176;186m@[38;2;219;230;243m@[38;2;215;225;238m@[38;2;197;180;191m@[38;2;246;238;229m@[38;2;184;183;192m@[38;2;217;228;240m@[38;2;205;217;233m@[38;2;191;201;221m@[38;2;219;231;243m@[38;2;189;198;211m@[38;2;213;225;237m@[38;2;219;231;242m@[38;2;210;222;234m@[38;2;199;207;222m@              [39m
 [38;2;0;0;0m             [38;2;194;202;218m@[38;2;192;202;219m@[38;2;206;214;225m@[38;2;196;204;217m@[38;2;176;182;197m@[38;2;162;153;159mM[38;2;221;203;196m@[38;2;231;223;219m@[38;2;187;195;209m@[38;2;204;213;225m@[38;2;222;213;209m@[38;2;248;239;230m@[38;2;245;236;229m@[38;2;211;203;205m@[38;2;187;194;206m@[38;2;169;176;199m@[38;2;218;230;242m@[38;2;197;205;220m@[38;2;209;219;232m@[38;2;219;231;242m@[38;2;218;229;240m@[38;2;195;201;217m@              [39m
 [38;2;0;0;0m             [38;2;171;178;196m$[38;2;174;183;201m@[38;2;216;226;236m@[38;2;199;210;223m@[38;2;117;136;168m@[38;2;103;146;185m@[38;2;140;156;170m@[38;2;249;241;231m@[38;2;223;215;209m@[38;2;182;184;198m@[38;2;184;177;184m@[38;2;142;137;145m$[38;2;101;105;130m@[38;2;85;92;113m$[38;2;127;126;139mZ[38;2;132;120;136mB[38;2;218;227;240m@[38;2;191;194;212m@[38;2;202;168;181m@[38;2;193;174;173m@[38;2;214;218;230m@[38;2;189;195;212m@              [39m
 [38;2;0;0;0m             [38;2;135;142;162m4[38;2;168;176;195m@[38;2;216;227;241m@[38;2;210;219;233m@[38;2;162;151;161m@[38;2;253;241;229m@[38;2;254;245;232m@[38;2;254;244;234m@@[38;2;254;244;232m@[38;2;217;207;204m@[38;2;213;205;206m@[38;2;167;186;200m@[38;2;162;186;203m@[38;2;216;219;220m@[38;2;193;183;187m@[38;2;213;222;235m@[38;2;175;170;190m@[38;2;217;169;185m@[38;2;190;170;173m@[38;2;214;223;234m@[38;2;172;179;198m@              [39m
 [38;2;0;0;0m              [38;2;196;203;220m@[38;2;185;192;207m@[38;2;213;224;239m@[38;2;125;119;146m@[38;2;158;150;164m@[38;2;194;183;188m@[38;2;196;181;178m@[38;2;220;201;191mR[38;2;215;193;184m@[38;2;224;207;197m@[38;2;216;198;188m@[38;2;230;209;200mR[38;2;207;186;184m@[38;2;188;171;178m@[38;2;138;126;147m@[38;2;216;227;239m@[38;2;132;133;160m@[38;2;184;190;213m@[38;2;218;231;242m@[38;2;209;221;234m@[38;2;107;110;136m@              [39m
 [38;2;0;0;0m              [38;2;153;159;178m$[38;2;165;173;190m@[38;2;218;229;242m@[38;2;125;127;158m@[38;2;127;126;156m@[38;2;107;107;128m@[38;2;67;88;123mH[38;2;98;98;124mM[38;2;172;138;157m@[38;2;160;127;139mR[38;2;92;104;129m@[38;2;86;105;136mg[38;2;127;127;150m@[38;2;125;126;163m@[38;2;143;146;172m@[38;2;173;180;199m@[38;2;130;135;172m@[38;2;174;182;208m@[38;2;219;231;242m@[38;2;202;211;226m@[38;2;65;66;94mF              [39m
 [38;2;0;0;0m              [38;2;135;142;162m4[38;2;205;216;231m@[38;2;148;152;173m@[38;2;177;183;201m@[38;2;80;94;129m@[38;2;47;56;89m"[38;2;52;71;115m@[38;2;44;60;103m;[38;2;78;64;89m~[38;2;47;65;111my[38;2;53;70;112mg[38;2;50;62;103m4[38;2;78;94;132m@[38;2;118;115;139m@[38;2;144;147;174m@[38;2;131;135;173m@[38;2;130;134;174m@[38;2;174;182;208m@[38;2;219;231;241m@[38;2;177;182;202m@               [39m
 [38;2;0;0;0m              [38;2;81;88;106m4[38;2;174;170;173m@[38;2;107;114;132m@[38;2;93;97;121m@[38;2;112;113;142m@[38;2;101;103;126my[38;2;70;88;128m@[38;2;49;68;110m$[38;2;50;70;115m@[38;2;59;78;123m@[38;2;63;83;124m@[38;2;53;70;113m@[38;2;49;55;92m^[38;2;58;75;114m@[38;2;119;123;142m@[38;2;127;130;161m@[38;2;119;122;160m@[38;2;188;197;219m@[38;2;219;231;243m@[38;2;125;131;151m@               [39m
 [38;2;0;0;0m               [38;2;174;177;194m@[38;2;107;104;139m@[38;2;138;142;181m@[38;2;135;139;175m@[38;2;91;99;122m@[38;2;63;88;129m@[38;2;54;76;117m$[38;2;55;77;120m$[38;2;53;76;119m@[38;2;109;127;160m@[38;2;74;95;134m@[38;2;64;74;103m_[38;2;108;106;134m@[38;2;120;122;135m$[38;2;169;160;161m@[38;2;114;111;138m@[38;2;212;222;238m@[38;2;215;228;240m@[38;2;91;97;118mF               [39m
 [38;2;0;0;0m               [38;2;122;125;149m4[38;2;135;140;164m@[38;2;120;124;162m~[38;2;128;131;168m@[38;2;125;132;148m@[38;2;168;171;180m@[38;2;157;161;173m@[38;2;116;125;141m@[38;2;134;146;161m@[38;2;153;160;176m@[38;2;156;163;176m@[38;2;103;108;130m@[38;2;100;103;138mM[38;2;136;140;181m@[38;2;122;125;164m@[38;2;113;117;140m@[38;2;180;189;205m@[38;2;151;153;175m@                [39m
 [38;2;0;0;0m                [38;2;150;154;174m~[38;2;87;90;117mk [38;2;96;89;104m"[38;2;239;227;217m@[38;2;253;245;232m@[38;2;142;131;131m@[38;2;137;125;131m@[38;2;253;245;233m@[38;2;253;242;230m@[38;2;101;92;105mW[38;2;114;114;152mF[38;2;121;124;163m~[38;2;85;90;117my[38;2;165;170;192mF[38;2;54;64;83m~[38;2;83;84;110m~                [39m
 [38;2;0;0;0m                  [38;2;42;41;70m` [38;2;162;148;145m4[38;2;166;156;152mR[38;2;117;109;113m~ [38;2;211;200;192m@[38;2;193;180;172m@   [38;2;50;55;83m`                   [39m
 [38;2;0;0;0m                                                 [39m
 [38;2;0;0;0m                                                 [39m
 [38;2;0;0;0m                                                 [39m
[?25h